n,d_i,p_i,g_h,l_h
0,399.23560399872264,-19.011462499080093,628.8274523584466,1061.8169313458163
1,-119.3170488978687,-98.47687502511951,301.1365109185853,9.877069808649674
2,72.99795057544814,115.97766761378381,-165.83628476450318,301.60758677702484
3,-2.2530679023096794e-06,-3.915736196129154e-05,5.869617724561959e-05,-4.190600158322383e-05
4,3.3507501293117183,-0.46354811559130815,19.80885276464595,4.908435426137257
5,-6.550970331983164,-3.48693406652747,4.511747810445047,0.3625084952148894
6,2.721832098287829,4.2163353824729555,1.618084265284561,3.9508295971811105
7,428.61951881490256,354.8143133161741,-460.5817018598318,299.85740475648896
8,0.0003623428426428952,-0.0007097569899187918,-0.00026748340262732867,-0.0009417067856737301
9,-523.1588643954701,2454.371306387431,2928.3464190469404,-1295.7435740603214
10,582.3538627989554,285.7377310939953,-843.7255040949041,659.8128702629126
11,-0.4015200182296443,0.1824356589608928,-0.0287205953770384,0.021889188411560925
12,-38.73932178055591,4.709464550373684,-137.24384012699247,-80.03218713177799
13,-792.9612786379157,87.36248059652782,892.8984336653394,-294.2406363068015
14,-4.516272034201967,34.445473355575324,-17.70286826795172,-38.50523961595656
15,-104.0399903581549,-37.992268892234435,46.447947943774324,-73.34480656565387
16,-0.6522397227911859,158.18882470169686,34.32696138451368,-100.30604043187253
17,174.5177696354135,-273.8530364371567,-66.93924298746303,108.41914974221531
18,48.58676268666555,56.89492543234209,-29.96268052490134,80.55905277734738
19,13.315238654768413,16.380391688877047,-0.2269086235679929,4.066313250075427
20,-0.0017874059403070032,-0.006641026109836445,-0.001839117963373919,-0.006579291125807942
21,-0.13445672416016816,-0.024831838170556647,0.08131702232695938,0.06685348027207527
22,1.3007384859882174,-8.724624642854565,6.7746638597188396,-10.095278205422536
23,-8.26173046734364,-97.23943644280047,-53.78717387511161,-34.27577237997885
24,27.41214144541815,83.89768117280347,-87.42796211538203,108.35738007938177
25,799.4325251419579,-453.45896782943504,-312.9144561073997,553.0027313597465
26,-147.42394195372822,-132.16382325230987,-16.74760446903122,-147.858536341146
27,-405.2112135134245,-191.699692202527,120.64583761540896,226.2667036102149
28,-22.177758819178532,-44.37267660296134,27.998423352766267,-9.75156208430751
29,1783.4952529104132,-437.6012733381901,2190.6736456035997,-3476.0797617059006
30,174.39408454997687,119.32812813951068,-106.37994387446408,-30.190254890462427
31,14.635094603995958,-3.828056260159141,-11.578161813710866,15.254328659276643
32,-150.19610863096977,-204.00070251574357,-51.97666935715379,136.53431893079474
33,-3.4964727180426203,-27.10524645262358,-13.21195469204889,14.75101216558064
34,-0.025119415753474792,-0.0010246363465839794,-0.03583134683244527,-0.05001545022457613
35,5.518600746846655,13.31384184336263,65.74453656525132,55.15688175333744
36,1.897982901933661,1.0787185062632036,0.951456207122529,-2.1414937505311373
37,-26.215568906553166,32.39047629960423,-3.11692655905355,31.0605892515405
38,8.23646224290954,34.841015012079794,-35.607895486544955,-66.03292984782293
39,-161.63259332936283,149.87460701623107,48.954524854822644,85.20770232092214
40,-0.12800358398037665,0.28480678810136456,-0.12167429725269667,0.2429867543850504
41,-0.5255266507223034,6.3574595345300065,-2.783654288892327,-15.906720204908249
42,2.130407088392983,-1.6498358206562787,-3.0981524233189948,-4.578412004452395
43,19.886921108339394,35.151040165047895,-35.764359750245745,12.005607100123424
44,-84.31316114866517,62.69904550991765,4.190736143145728,26.208126338294587
45,-158.8999016136644,170.8674506958592,-201.04540971819864,-147.06027813049025
46,-3.412383389565648,-5.141365092942874,-2.6362490124697464,0.8114974697044735
47,-94.47262925458581,34.4227095136517,75.61963576991022,-113.1999043257613
48,-108.67821754498702,-83.16383878640661,3.234167302652132,51.60117946109939
49,-0.5599067283072398,-0.357519274804759,-0.0335926347209974,-0.6851947698586188
50,-887.7214696464356,-1533.7291789990293,22.49234616014946,635.0460929323041
51,-24.522499410757153,-6.226337942763806,23.34348365262837,40.09061101297938
52,331.12579827495455,-221.63097804185875,-562.3903808928848,480.2723087781069
53,1.3367365175171901,-0.23153951025621422,6.57058686905643,1.9156943939661866
54,0.1366782858611294,0.13544851188596926,0.03873112095011906,-0.06841783066008365
55,0.49812531894580886,2.786212157567241,0.062349223214843305,-1.382307338227549
56,0.38069712007539425,0.3912743218053042,0.07619796534752683,0.41222556950236194
57,-12.969483880633621,-80.2935489532159,454.04476396750175,-67.49013590531058
58,1530.2237895527526,-3214.676902497214,-2020.2113316184596,888.5402913162012
59,-17.93077375484479,-26.393840447060416,6.142397029099777,27.073165092795517
60,-16.351884740391416,3.1197498848563745,13.88069369604713,8.531926311802065
61,11.678159606798983,-16.131606757355648,1.728200083429163,9.041682238748484
62,0.9953401662430255,0.44934531608218375,-0.5048153839711871,0.18212313082315407
63,-974.8126475959303,180.99048678042215,426.4439617811778,705.1865046332327
64,459.98697775516786,-785.7365943142102,241.59152853203733,365.3910777260812
65,-10.761716379503314,15.671649868978838,-6.689568744321759,-5.032765767220675
66,69.59630049244639,-147.06089345119787,-215.68325522755893,48.734826964054385
67,4.072832870787304,84.17284478214191,109.07474679310927,-138.69788160883604
68,419.8749877893183,627.9744540310362,-706.7653027675939,681.6835594816071
69,3.987601552456578e-05,1.5627230770936633e-05,5.5617677643846235e-05,-2.5122748613728653e-05
70,1148.934264662163,-1503.809781343743,-1272.8867865019438,-189.3606765966096
71,-224.02121993083293,454.68433372094114,399.14609551032,311.53928225893907
72,21.62629517185631,-220.17779059159128,-125.08144878770746,-53.93162332197125
73,52.56681935438601,431.7143543854681,29.44073749001196,181.77057367602683
74,-105.88529732483205,-47.51178148611778,17.79566242173355,73.96994421353678
75,8.92452173665362,-2.70571287384362,-2.0316498902928237,-6.166297659155931
76,-0.05961978687730988,-0.04531151447534276,0.015683544276095036,0.056100126970826725
77,150.3665501517756,148.32895496002794,128.8994514451643,-145.23716140677485
78,85.37623559687127,36.010522094069486,186.7133104607249,-108.48102892642956
79,38.1211051940918,-35.626930236816406,-8.609025001525879,21.653688430786133
80,-2.0187882892144198,12.55251131721095,-18.209356599341966,-4.107465838953596
81,45.944152617568605,-1664.0866663079512,462.51762921273996,2383.726490805594
82,16.182111971686332,-27.363497306285293,-16.98528716773793,-28.684315802948326
83,0.533678978966754,1.4933794995226215,-0.28993116485614456,-0.7421095963817036
84,1075.0882184151828,688.9626129962611,-571.3172244113027,844.102725334715
85,147.1432716206104,124.59478377915572,162.99675176255226,74.46265482224979
86,-1.4719399793973664,-0.9420277395388156,5.939899980721095,-5.882430106000395
87,32.64691885044625,61.90502453576462,-42.61959053619216,15.206435328888658
88,3.275756659489749,5.032103678773037,-12.887773444635446,15.911645574076324
89,106.11973594405363,19.485173257711704,167.1571245107568,-19.523961262677187
90,245.5311848067975,362.6940645262319,204.71135589910162,-54.3021673131723
91,-0.2933339233598343,0.1371714842954704,-0.27982029691853777,0.17772065176979865
92,-44.00405332574434,-22.27353898189855,9.744170567635715,-17.373152080335114
93,-0.007046664174886768,0.024929926700613787,0.010360835446490411,0.015333148281526657
94,0.7639525400997701,-0.3468540202130415,0.1315460977410386,-1.382260594649979
95,-4.02152067210757,-4.655833951879346,-0.4634608511576812,-0.9647036257543062
96,38.310586850894126,13.88150614439443,-45.31494093796853,-6.465070289287841
97,0.254379926985174,-0.5206722635678471,0.6911786954454355,-0.32758307760073546
98,-39.179955468706915,37.35015827882394,-34.62574903956786,-35.89691654477618
99,-335.8969825648092,631.1200567238639,1942.4174693874195,1196.3873969938195
