2 1 1
2 287 1
2 2454 1
2 2526 1
2 2735 1
2 2929 1
2 3817 1
2 4074 1
2 4925 1
2 4994 1
2 5003 1
2 2165 1
2 5245 1
2 5350 1
4 3 1
4 2946 1
6 5 1
7 5 1
9 8 1
10 8 1
12 11 1
14 13 1
14 2216 1
16 15 1
17 15 1
17 1355 1
19 18 1
19 84 1
19 259 1
19 488 1
19 521 1
19 532 1
19 538 1
19 775 1
19 811 1
19 1002 1
19 1071 1
19 1259 1
19 1333 1
19 1399 1
19 1444 1
19 1482 1
19 1574 1
19 1588 1
19 1615 1
19 1083 1
19 1686 1
19 1728 1
19 1795 1
19 1808 1
19 1832 1
19 1853 1
19 1905 1
19 1945 1
19 1982 1
19 2193 1
19 2209 1
19 2243 1
19 2261 1
19 2301 1
19 2307 1
19 2511 1
19 2812 1
19 2922 1
19 2940 1
19 2947 1
19 2948 1
19 2949 1
19 3046 1
19 3076 1
19 3108 1
19 3109 1
19 3171 1
19 3172 1
19 3277 1
19 3287 1
19 3383 1
19 3387 1
19 3393 1
19 3442 1
19 3540 1
19 3561 1
19 3600 1
19 3707 1
19 3848 1
19 3915 1
19 1198 1
19 4028 1
19 4117 1
19 4224 1
19 4256 1
19 4410 1
19 4480 1
19 4640 1
19 4659 1
19 4719 1
19 4764 1
19 4768 1
19 4847 1
19 4914 1
19 4933 1
19 5061 1
19 5137 1
19 5176 1
19 5181 1
19 5192 1
19 5217 1
19 5224 1
19 5313 1
19 5321 1
19 5330 1
19 5331 1
21 20 1
21 2055 1
21 2399 1
23 22 1
23 275 1
23 505 1
23 883 1
23 1788 1
23 2099 1
23 2341 1
23 2336 1
23 3406 1
23 3605 1
23 4194 1
23 4855 1
23 4872 1
23 4956 1
23 5004 1
23 5316 1
25 24 1
25 406 1
25 988 1
25 1540 1
25 5020 1
26 24 1
28 27 1
30 29 1
30 147 1
30 226 1
30 1634 1
30 2292 1
30 31 1
31 29 1
31 147 1
31 226 1
31 1634 1
31 2292 1
31 30 1
33 32 1
33 413 1
33 520 1
35 34 1
37 36 1
38 36 1
40 39 1
40 970 1
40 972 1
40 1101 1
42 41 1
44 43 1
46 45 1
48 47 1
50 49 1
52 51 1
52 178 1
52 1019 1
52 1231 1
52 1731 1
52 3429 1
52 4369 1
52 4716 1
52 5194 1
54 53 1
55 53 1
55 263 1
57 56 1
59 58 1
61 60 1
61 683 1
61 1159 1
61 2475 1
63 62 1
65 64 1
67 66 1
67 531 1
67 574 1
67 624 1
67 637 1
67 770 1
67 773 1
67 809 1
67 1100 1
67 1942 1
67 2155 1
67 2190 1
67 2368 1
67 2453 1
67 2456 1
67 2474 1
67 2644 1
67 2754 1
67 2992 1
67 3235 1
67 3282 1
67 3289 1
67 3111 1
67 3604 1
67 3647 1
67 3665 1
67 3844 1
67 3985 1
67 4098 1
67 4210 1
67 4375 1
67 4549 1
67 4559 1
67 4579 1
67 4690 1
67 4974 1
67 5006 1
69 68 1
69 4779 1
71 70 1
73 72 1
74 72 1
75 72 1
77 76 1
79 78 1
79 155 1
79 1276 1
81 80 1
81 106 1
81 314 1
81 535 1
81 738 1
81 2231 1
81 3731 1
81 3824 1
83 82 1
86 85 1
86 2337 1
86 3126 1
86 3155 1
88 87 1
88 89 1
88 490 1
88 608 1
88 681 1
88 810 1
88 817 1
88 940 1
88 975 1
88 1089 1
88 1261 1
88 1287 1
88 1388 1
88 1528 1
88 1820 1
88 2054 1
88 2212 1
88 2278 1
88 2364 1
88 2387 1
88 2390 1
88 2410 1
88 2449 1
88 2500 1
88 2549 1
88 2738 1
88 2904 1
88 3026 1
88 3148 1
88 3236 1
88 3276 1
88 3338 1
88 3390 1
88 3428 1
88 3434 1
88 3484 1
88 3506 1
88 3511 1
88 3512 1
88 3530 1
88 3550 1
88 3638 1
88 3829 1
88 3899 1
88 4126 1
88 4245 1
88 4406 1
88 4415 1
88 4493 1
88 4566 1
88 4717 1
88 4752 1
88 4852 1
88 4893 1
88 4916 1
88 5024 1
88 5125 1
88 5180 1
88 5237 1
88 5264 1
88 5294 1
91 90 1
91 223 1
91 260 1
91 774 1
91 1198 1
91 1794 1
91 1959 1
91 2583 1
91 4387 1
91 4511 1
91 4645 1
92 90 1
92 223 1
92 260 1
92 1198 1
92 1794 1
92 1959 1
92 4511 1
92 4645 1
93 90 1
93 223 1
93 260 1
93 1198 1
93 1794 1
93 1959 1
93 4511 1
93 4645 1
95 94 1
95 315 1
95 921 1
95 980 1
95 1667 1
95 2060 1
95 2635 1
95 3139 1
95 3170 1
95 3539 1
95 3572 1
95 3694 1
95 3698 1
95 4607 1
95 4617 1
95 4661 1
95 4795 1
95 5136 1
95 5199 1
97 96 1
97 3415 1
97 4001 1
99 98 1
99 987 1
99 1591 1
99 1600 1
99 1960 1
99 2052 1
99 2631 1
99 2796 1
99 3322 1
99 3385 1
99 3720 1
99 3803 1
99 4048 1
99 4136 1
99 4351 1
99 4452 1
99 4520 1
99 4785 1
99 5244 1
99 5341 1
101 100 1
101 1809 1
101 2232 1
101 2310 1
101 3208 1
101 4601 1
101 4853 1
101 1557 1
103 102 1
105 104 1
105 276 1
105 404 1
105 572 1
105 603 1
105 1020 1
105 1313 1
105 1583 1
105 1747 1
105 2990 1
105 3044 1
105 3304 1
105 3520 1
105 3570 1
105 3759 1
105 2521 1
105 2086 1
105 4571 1
105 4817 1
108 107 1
108 1806 1
108 2675 1
110 109 1
110 4824 1
111 109 1
111 752 1
111 1248 1
111 1272 1
111 290 1
111 2404 1
111 4282 1
111 4824 1
113 112 1
115 114 1
115 2038 1
115 4713 1
115 5037 1
117 116 1
117 732 1
117 937 1
117 1421 1
117 2188 1
117 3210 1
117 4392 1
119 118 1
121 120 1
122 120 1
124 123 1
125 123 1
126 123 1
128 127 1
130 129 1
130 142 1
130 219 1
130 247 1
130 279 1
130 286 1
130 294 1
130 340 1
130 433 1
130 467 1
130 493 1
130 575 1
130 601 1
130 725 1
130 729 1
130 789 1
130 830 1
130 1096 1
130 1102 1
130 1164 1
130 1455 1
130 1488 1
130 1637 1
130 1646 1
130 1656 1
130 1787 1
130 1812 1
130 1965 1
130 1968 1
130 2149 1
130 2281 1
130 2383 1
130 2414 1
130 2476 1
130 2515 1
130 2527 1
130 2587 1
130 2625 1
130 2626 1
130 2662 1
130 2683 1
130 2686 1
130 2706 1
130 2724 1
130 2737 1
130 1021 1
130 2784 1
130 2938 1
130 2993 1
130 3021 1
130 3064 1
130 3213 1
130 3220 1
130 3394 1
130 3483 1
130 3590 1
130 3606 1
130 3654 1
130 3709 1
130 3761 1
130 3781 1
130 3912 1
130 4060 1
130 4086 1
130 4128 1
130 4199 1
130 4281 1
130 4291 1
130 4304 1
130 4359 1
130 4386 1
130 4388 1
130 4395 1
130 4438 1
130 4202 1
130 4668 1
130 4751 1
130 4856 1
130 4862 1
130 4889 1
130 4923 1
130 4993 1
130 5012 1
130 5040 1
130 5041 1
130 5044 1
130 5108 1
130 5124 1
130 5128 1
130 5233 1
130 5254 1
130 5255 1
132 131 1
132 489 1
132 3558 1
132 4174 1
133 131 1
133 489 1
133 3558 1
133 4174 1
135 134 1
135 935 1
135 1886 1
135 2496 1
135 659 1
135 3250 1
135 3796 1
135 5023 1
135 5378 1
135 5263 1
137 136 1
137 1525 1
137 1801 1
137 3534 1
137 3822 1
137 4391 1
137 4722 1
137 5084 1
139 138 1
141 140 1
144 143 1
144 1526 1
144 1734 1
144 3300 1
144 3684 1
144 4112 1
144 4198 1
144 4398 1
144 5018 1
146 145 1
149 148 1
149 573 1
149 1389 1
149 1750 1
149 2632 1
149 3333 1
149 3680 1
149 3823 1
149 3179 1
149 5119 1
150 148 1
150 1389 1
150 1750 1
150 2100 1
150 2483 1
150 3179 1
150 3680 1
150 3823 1
150 5311 1
152 151 1
154 153 1
157 156 1
157 399 1
157 592 1
157 874 1
157 887 1
157 961 1
157 1008 1
157 1108 1
157 1260 1
157 1310 1
157 1563 1
157 1599 1
157 1613 1
157 1994 1
157 1999 1
157 2158 1
157 2874 1
157 2882 1
157 2912 1
157 3152 1
157 3869 1
157 4119 1
157 4334 1
157 4460 1
157 4801 1
157 4814 1
157 4834 1
157 4881 1
157 4921 1
157 5107 1
157 5153 1
159 158 1
159 3361 1
159 3679 1
159 4129 1
159 4204 1
159 4783 1
160 158 1
160 3361 1
160 3679 1
160 4129 1
160 4204 1
160 4783 1
162 161 1
162 522 1
163 161 1
163 522 1
165 164 1
165 609 1
167 166 1
168 166 1
170 169 1
172 171 1
174 173 1
174 186 1
174 337 1
174 528 1
174 602 1
174 612 1
174 654 1
174 1194 1
174 2312 1
174 2693 1
174 3982 1
174 4822 1
174 5260 1
176 175 1
176 2085 1
176 3903 1
176 5365 1
177 175 1
177 721 1
177 931 1
177 1317 1
177 1464 1
177 2085 1
177 2489 1
177 3903 1
177 4815 1
177 4816 1
177 4996 1
177 5187 1
177 5279 1
177 5365 1
180 179 1
181 179 1
183 182 1
185 184 1
185 341 1
185 699 1
185 992 1
185 70 1
185 999 1
185 1011 1
185 1114 1
185 1617 1
185 1727 1
185 1993 1
185 2131 1
185 2520 1
185 3075 1
185 3359 1
185 3447 1
185 3630 1
185 3634 1
185 3646 1
185 3678 1
185 3991 1
185 4335 1
185 4547 1
185 4600 1
185 5207 1
185 5382 1
185 5387 1
188 187 1
188 893 1
189 187 1
189 893 1
189 3015 1
190 187 1
190 893 1
192 191 1
194 193 1
194 4110 1
194 4975 1
196 195 1
196 405 1
196 524 1
196 2488 1
196 3197 1
196 4096 1
196 4977 1
196 5303 1
196 5323 1
198 197 1
200 199 1
200 682 1
200 2369 1
200 3066 1
202 201 1
202 838 1
202 4424 1
202 3869 1
204 203 1
206 205 1
206 387 1
208 207 1
208 2792 1
210 209 1
210 1144 1
212 211 1
212 3800 1
214 213 1
216 215 1
218 217 1
221 220 1
222 220 1
222 3470 1
225 224 1
228 227 1
230 229 1
232 231 1
232 436 1
232 468 1
232 814 1
232 1263 1
232 1407 1
232 1527 1
232 1665 1
232 1696 1
232 1930 1
232 2040 1
232 2210 1
232 2318 1
232 3266 1
232 3528 1
234 233 1
236 235 1
236 280 1
236 713 1
236 892 1
236 3180 1
238 237 1
240 239 1
240 968 1
240 2270 1
240 286 1
240 4598 1
242 241 1
242 4313 1
244 243 1
244 2946 1
244 3972 1
244 4812 1
244 4890 1
244 4929 1
244 2775 1
244 5364 1
246 245 1
249 248 1
251 250 1
253 252 1
255 254 1
255 764 1
255 1120 1
255 1640 1
255 2088 1
255 2466 1
255 2797 1
257 256 1
257 3758 1
257 3760 1
258 256 1
262 261 1
264 263 1
265 263 1
266 263 1
268 267 1
268 1195 1
268 2559 1
269 267 1
269 1195 1
269 2559 1
271 270 1
271 1185 1
271 2627 1
271 2955 1
271 3058 1
271 3411 1
271 3453 1
271 3460 1
271 3479 1
271 3683 1
271 4725 1
271 4861 1
273 272 1
274 272 1
278 277 1
278 2719 1
278 3878 1
278 4574 1
278 4718 1
278 5265 1
282 281 1
282 478 1
282 1119 1
282 1122 1
282 1626 1
282 1751 1
282 2499 1
282 2709 1
282 2873 1
282 3020 1
282 3255 1
282 3660 1
282 3986 1
282 4217 1
282 4323 1
282 4754 1
282 5002 1
282 5017 1
282 5049 1
282 5210 1
284 283 1
285 283 1
289 288 1
289 2711 1
289 4627 1
291 290 1
293 292 1
293 896 1
296 295 1
296 1541 1
298 297 1
300 299 1
300 472 1
300 793 1
300 900 1
300 1281 1
300 1628 1
300 2134 1
300 2145 1
300 2830 1
300 2848 1
300 3354 1
300 4652 1
300 4759 1
300 5291 1
301 299 1
301 472 1
301 767 1
301 793 1
301 897 1
301 900 1
301 1281 1
301 1628 1
301 1828 1
301 2134 1
301 2145 1
301 2830 1
301 2848 1
301 3190 1
301 3264 1
301 3354 1
301 4436 1
301 4652 1
301 4759 1
301 5223 1
301 5291 1
303 302 1
303 1975 1
305 304 1
305 2244 1
307 306 1
309 308 1
309 3819 1
309 4144 1
309 4158 1
309 4741 1
309 5243 1
311 310 1
311 2295 1
311 5246 1
313 312 1
317 316 1
318 316 1
320 319 1
320 630 1
320 1121 1
322 321 1
323 321 1
324 321 1
324 1316 1
324 1427 1
324 1568 1
324 1893 1
324 5227 1
326 325 1
326 668 1
326 2058 1
326 3114 1
326 3149 1
326 3734 1
326 5005 1
326 5063 1
328 327 1
328 1733 1
328 2640 1
330 329 1
332 331 1
333 331 1
335 334 1
336 334 1
336 335 1
339 338 1
339 363 1
339 888 1
339 945 1
339 1937 1
339 2533 1
339 4073 1
339 4731 1
343 342 1
343 649 1
343 1167 1
343 1325 1
343 1339 1
343 1344 1
343 1671 1
343 1702 1
343 1706 1
343 1731 1
343 2142 1
343 2219 1
343 2338 1
343 2831 1
343 3209 1
343 3432 1
343 3485 1
343 1025 1
343 3711 1
343 3937 1
343 4223 1
343 4396 1
343 4546 1
343 4641 1
343 4849 1
343 4932 1
343 5016 1
343 5150 1
345 344 1
347 346 1
349 348 1
350 348 1
351 348 1
351 3648 1
353 352 1
355 354 1
356 354 1
357 354 1
358 354 1
359 354 1
360 354 1
361 354 1
362 354 1
365 364 1
367 366 1
368 366 1
370 369 1
372 371 1
374 373 1
374 569 1
374 570 1
374 650 1
374 946 1
374 1468 1
374 1584 1
374 1961 1
374 2194 1
374 2725 1
374 2736 1
374 2889 1
374 3173 1
374 3597 1
374 3886 1
374 4161 1
374 4180 1
374 4239 1
374 4244 1
374 4338 1
374 4346 1
374 4412 1
374 4599 1
374 4662 1
376 375 1
376 4177 1
378 377 1
378 1076 1
378 4408 1
380 379 1
382 381 1
382 1022 1
384 383 1
384 1349 1
386 385 1
389 388 1
391 390 1
391 957 1
391 2335 1
391 2469 1
391 2875 1
391 3745 1
391 3900 1
391 4090 1
391 4146 1
391 4299 1
391 4407 1
391 4499 1
391 5168 1
391 5290 1
391 5295 1
393 392 1
395 394 1
397 396 1
398 396 1
401 400 1
402 400 1
403 400 1
408 407 1
408 1403 1
408 2979 1
410 409 1
412 411 1
415 414 1
417 416 1
419 418 1
421 420 1
421 527 1
421 539 1
421 595 1
421 651 1
421 833 1
421 906 1
421 936 1
421 1521 1
421 1522 1
421 1575 1
421 1732 1
421 1793 1
421 1969 1
421 2053 1
421 2146 1
421 2152 1
421 2296 1
421 2336 1
421 2374 1
421 2649 1
421 2720 1
421 2800 1
421 3045 1
421 3317 1
421 3339 1
421 3657 1
421 3832 1
421 3843 1
421 3932 1
421 3721 1
421 4027 1
421 4254 1
421 4405 1
421 4413 1
421 4573 1
421 4695 1
421 4920 1
421 4983 1
421 5101 1
421 5193 1
421 5209 1
423 422 1
423 2125 1
423 2258 1
423 3478 1
423 4349 1
423 4423 1
423 4683 1
423 4837 1
425 424 1
426 424 1
427 424 1
429 428 1
430 428 1
432 431 1
435 434 1
435 1725 1
435 2233 1
435 2306 1
435 3557 1
435 3710 1
435 4044 1
435 4081 1
435 4417 1
435 4398 1
435 5357 1
438 437 1
439 440 1
440 439 1
442 441 1
444 443 1
444 805 1
444 2380 1
446 445 1
447 445 1
449 448 1
449 834 1
449 2814 1
449 2937 1
449 3487 1
449 4448 1
451 450 1
452 450 1
454 453 1
454 2590 1
454 3405 1
454 3498 1
454 4082 1
455 453 1
455 2590 1
455 3405 1
455 3498 1
455 4082 1
456 453 1
456 676 1
456 1003 1
456 1529 1
456 1592 1
456 2091 1
456 2122 1
456 2590 1
456 3405 1
456 3498 1
456 2840 1
456 4082 1
456 4483 1
456 4711 1
456 4890 1
456 5261 1
458 457 1
458 2121 1
460 459 1
462 461 1
462 3499 1
464 463 1
464 2953 1
464 3577 1
464 4347 1
464 578 1
466 465 1
469 468 1
469 1417 1
471 470 1
471 2386 1
471 929 1
471 1669 1
471 2748 1
471 4366 1
471 5377 1
474 473 1
475 473 1
477 476 1
480 479 1
480 481 1
481 479 1
482 479 1
482 481 1
484 483 1
484 3606 1
485 220 1
487 486 1
487 1244 1
487 2006 1
487 2234 1
487 2388 1
487 2550 1
487 2774 1
492 491 1
495 494 1
497 496 1
499 498 1
500 498 1
501 3887 1
502 501 1
504 503 1
504 737 1
504 1338 1
504 1703 1
504 1825 1
504 1826 1
504 1903 1
504 2255 1
504 2495 1
504 2586 1
504 2670 1
504 3036 1
504 3070 1
504 3162 1
504 3349 1
504 3614 1
504 3821 1
504 3839 1
504 3996 1
504 4065 1
504 4107 1
504 3824 1
507 506 1
508 506 1
510 509 1
510 2061 1
510 4385 1
512 511 1
514 513 1
514 3708 1
516 515 1
518 517 1
518 4515 1
519 517 1
519 4515 1
523 148 1
523 1750 1
523 1389 1
523 2100 1
523 2483 1
523 3179 1
523 3823 1
523 5311 1
526 525 1
530 529 1
530 1998 1
534 533 1
534 2093 1
534 2294 1
534 3588 1
534 3921 1
534 4147 1
534 4637 1
537 536 1
541 540 1
541 971 1
541 2299 1
541 2987 1
541 3288 1
541 2721 1
543 542 1
545 544 1
547 546 1
547 837 1
547 5214 1
549 548 1
551 550 1
551 669 1
551 3246 1
551 4296 1
552 483 1
554 553 1
556 555 1
558 557 1
560 559 1
562 561 1
563 561 1
564 437 1
564 2516 1
564 4784 1
566 565 1
567 565 1
568 565 1
577 576 1
579 578 1
579 3133 1
579 3334 1
581 580 1
581 862 1
581 1086 1
581 1021 1
581 1649 1
581 1873 1
581 219 1
581 1983 1
581 2068 1
581 2323 1
581 2651 1
581 2745 1
581 2813 1
581 3488 1
581 3524 1
581 3764 1
581 3918 1
581 3940 1
581 463 1
581 4116 1
581 2183 1
581 4236 1
581 4572 1
581 4622 1
581 4660 1
581 4723 1
581 4949 1
581 5074 1
581 5287 1
581 5322 1
581 5386 1
583 582 1
583 2991 1
585 584 1
585 962 1
585 2195 1
585 2415 1
585 2716 1
585 3123 1
585 3181 1
585 3571 1
585 3879 1
585 4435 1
585 4980 1
585 4992 1
587 586 1
587 663 1
588 586 1
588 663 1
589 586 1
589 663 1
591 590 1
591 2710 1
591 3661 1
591 4446 1
591 4772 1
594 593 1
597 596 1
598 596 1
599 596 1
600 596 1
605 604 1
605 1502 1
605 1670 1
605 1719 1
607 606 1
611 610 1
611 659 1
611 1262 1
611 3796 1
614 613 1
614 2349 1
615 613 1
615 1021 1
615 2349 1
616 613 1
616 2349 1
618 617 1
619 617 1
621 620 1
621 3111 1
623 622 1
626 625 1
627 625 1
629 628 1
629 851 1
629 1038 1
629 1458 1
629 1791 1
629 1997 1
629 1537 1
629 2822 1
629 4006 1
629 4013 1
629 4088 1
629 4353 1
629 4504 1
629 4663 1
629 4836 1
629 5050 1
629 5103 1
631 630 1
631 1121 1
633 632 1
633 1505 1
633 1669 1
633 2748 1
633 2778 1
633 3301 1
633 4366 1
634 632 1
634 1505 1
634 1669 1
634 2748 1
634 2778 1
634 3301 1
634 4366 1
634 633 1
636 635 1
636 818 1
636 2228 1
636 513 1
639 638 1
639 769 1
639 1716 1
640 638 1
640 769 1
640 1716 1
640 639 1
642 641 1
644 643 1
646 645 1
648 647 1
648 778 1
648 934 1
648 1318 1
648 1514 1
648 1556 1
653 652 1
656 655 1
656 3595 1
658 657 1
660 354 1
662 661 1
664 2605 1
665 664 1
667 666 1
671 670 1
671 1533 1
671 1827 1
671 4769 1
671 4924 1
671 5167 1
671 5280 1
673 672 1
675 674 1
678 677 1
678 716 1
678 4409 1
680 679 1
685 684 1
688 687 1
688 1650 1
690 689 1
692 691 1
694 693 1
694 1437 1
696 695 1
697 695 1
698 695 1
701 700 1
701 4704 1
701 4721 1
701 4753 1
703 702 1
705 704 1
706 704 1
708 707 1
710 709 1
710 2854 1
712 711 1
715 714 1
715 925 1
715 1438 1
715 4411 1
715 4445 1
715 4593 1
715 4697 1
718 717 1
720 719 1
722 721 1
722 931 1
722 1317 1
722 4816 1
722 4996 1
722 5187 1
722 5279 1
724 723 1
726 604 1
726 1502 1
726 1670 1
726 1719 1
726 605 1
728 727 1
731 730 1
734 733 1
736 735 1
736 1772 1
736 1970 1
736 2541 1
736 3214 1
736 1469 1
736 3738 1
736 3744 1
736 3818 1
736 3655 1
736 3904 1
736 1206 1
736 3671 1
736 4616 1
736 4823 1
736 4939 1
736 4990 1
736 5188 1
736 5349 1
740 739 1
740 761 1
740 800 1
740 1294 1
740 1295 1
740 2434 1
740 2492 1
740 2596 1
740 2721 1
740 3134 1
740 3318 1
740 3384 1
740 4222 1
740 4287 1
740 4328 1
740 4331 1
740 4884 1
740 5064 1
740 5275 1
741 739 1
741 1294 1
741 2434 1
741 2596 1
741 2721 1
741 3134 1
741 3318 1
741 4222 1
741 4287 1
741 4328 1
741 4331 1
741 4884 1
741 5064 1
741 5275 1
743 742 1
743 1222 1
743 2435 1
745 744 1
745 2084 1
746 744 1
746 2084 1
748 747 1
749 747 1
751 750 1
751 1004 1
753 752 1
754 752 1
755 752 1
756 752 1
757 752 1
757 5169 1
758 752 1
759 752 1
759 1386 1
760 752 1
763 762 1
763 4915 1
766 765 1
766 3010 1
768 767 1
772 771 1
777 776 1
780 779 1
780 4588 1
782 781 1
784 783 1
786 785 1
788 787 1
791 790 1
792 717 1
792 2027 1
795 794 1
795 2688 1
795 3735 1
797 796 1
797 1051 1
797 1111 1
797 1126 1
797 1158 1
797 1456 1
797 1850 1
797 2069 1
797 2432 1
797 2702 1
797 2741 1
797 2810 1
797 3233 1
797 3369 1
797 3375 1
797 3974 1
797 4418 1
797 4553 1
797 2583 1
797 5058 1
797 5182 1
799 798 1
799 4444 1
802 801 1
804 803 1
807 806 1
808 806 1
808 807 1
808 4170 1
808 4466 1
813 812 1
815 814 1
816 814 1
819 3705 1
820 819 1
822 821 1
824 823 1
825 823 1
827 826 1
829 828 1
832 831 1
836 835 1
836 4465 1
836 4765 1
836 4830 1
840 839 1
840 3897 1
842 841 1
842 3939 1
844 843 1
844 1896 1
844 2817 1
845 843 1
845 1896 1
845 2817 1
847 846 1
848 846 1
850 849 1
852 851 1
854 853 1
854 1418 1
854 2630 1
854 2781 1
854 2909 1
854 3486 1
856 855 1
858 857 1
859 352 1
859 956 1
859 3666 1
859 3913 1
861 860 1
861 2259 1
861 2389 1
861 2484 1
861 5055 1
864 863 1
865 863 1
866 863 1
867 863 1
869 868 1
869 4247 1
871 870 1
873 872 1
876 875 1
876 1360 1
876 4763 1
877 875 1
877 1360 1
877 4763 1
877 5273 1
878 875 1
878 1360 1
878 4763 1
880 879 1
880 1800 1
880 3730 1
880 4322 1
880 4327 1
882 881 1
882 1744 1
882 3335 1
882 4145 1
882 4655 1
882 4720 1
882 5257 1
885 884 1
885 1143 1
885 2952 1
885 3575 1
886 884 1
890 889 1
890 3933 1
891 889 1
891 3933 1
895 894 1
898 897 1
898 3190 1
899 897 1
899 3190 1
899 4140 1
899 5223 1
902 901 1
904 903 1
905 903 1
908 907 1
908 5374 1
910 909 1
910 4110 1
911 909 1
911 910 1
913 912 1
914 912 1
914 917 1
914 1537 1
914 1712 1
914 1897 1
914 2880 1
914 2903 1
914 3001 1
914 3779 1
914 4006 1
914 4110 1
914 4466 1
914 4510 1
914 4638 1
914 4890 1
914 4928 1
914 5245 1
914 913 1
914 3027 1
916 915 1
918 917 1
918 4510 1
920 919 1
922 787 1
922 1513 1
922 1536 1
922 1668 1
922 1687 1
922 1984 1
922 2425 1
922 3099 1
922 3693 1
922 4381 1
922 4613 1
922 4844 1
922 5075 1
924 923 1
928 927 1
928 3355 1
930 929 1
930 3325 1
933 932 1
939 938 1
939 2081 1
939 4139 1
939 4545 1
939 4953 1
942 941 1
942 3775 1
942 3811 1
944 943 1
947 946 1
947 4599 1
949 948 1
951 950 1
953 952 1
953 5106 1
955 954 1
959 958 1
959 2678 1
960 958 1
964 963 1
964 2003 1
966 965 1
966 1099 1
966 1107 1
966 1414 1
966 1699 1
966 2211 1
966 3840 1
966 4337 1
966 4509 1
967 965 1
967 1099 1
967 1107 1
967 1699 1
967 2211 1
967 3840 1
967 4337 1
967 4509 1
969 968 1
969 4598 1
974 973 1
977 976 1
979 978 1
982 981 1
982 2521 1
984 983 1
984 1924 1
984 4169 1
986 985 1
990 989 1
990 264 1
990 3925 1
991 812 1
991 4485 1
994 993 1
994 1271 1
994 3265 1
996 995 1
996 1510 1
996 4253 1
998 997 1
1001 1000 1
1001 2275 1
1001 3852 1
1001 4260 1
1004 1003 1
1005 1003 1
1007 1006 1
1007 1241 1
1007 2420 1
1010 1009 1
1010 2455 1
1012 1247 1
1013 1012 1
1015 1014 1
1015 1127 1
1015 4624 1
1017 1016 1
1018 1016 1
1024 1023 1
1026 1025 1
1028 1027 1
1028 2849 1
1028 2850 1
1028 5000 1
1030 1029 1
1032 1031 1
1032 956 1
1032 1506 1
1032 1925 1
1032 1957 1
1032 1942 1
1032 3435 1
1032 4205 1
1033 1031 1
1033 956 1
1033 3435 1
1035 1034 1
1035 2311 1
1035 3008 1
1035 3019 1
1035 3060 1
1035 3245 1
1035 3547 1
1035 3893 1
1037 1036 1
1040 1039 1
1042 1041 1
1044 1043 1
1045 243 1
1046 243 1
1046 1687 1
1046 5075 1
1047 243 1
1049 1048 1
1050 1048 1
1050 1049 1
1053 1052 1
1055 1054 1
1056 1054 1
1058 1057 1
1059 1057 1
1061 1060 1
1062 1060 1
1063 1060 1
1064 354 1
1065 354 1
1066 354 1
1068 1067 1
1069 1067 1
1070 976 1
1073 1072 1
1075 1074 1
1075 1085 1
1078 1077 1
1080 1079 1
1080 2044 1
1080 2262 1
1080 2315 1
1080 3983 1
1080 4724 1
1082 1081 1
1082 2888 1
1082 4710 1
1084 1083 1
1088 1087 1
1088 1962 1
1088 2744 1
1088 3580 1
1088 4175 1
1091 1090 1
1091 2002 1
1093 1092 1
1093 4805 1
1095 1094 1
1098 1097 1
1104 1103 1
1106 1105 1
1106 1309 1
1106 2098 1
1106 1578 1
1106 3107 1
1106 3892 1
1106 4010 1
1106 4404 1
1110 1109 1
1113 1112 1
1116 1115 1
1116 4419 1
1118 1117 1
1124 1123 1
1125 896 1
1129 1128 1
1129 1284 1
1129 3671 1
1129 4812 1
1130 1128 1
1131 1128 1
1132 1128 1
1133 1128 1
1134 1128 1
1136 1135 1
1137 1135 1
1138 1135 1
1139 1135 1
1140 1135 1
1142 1141 1
1145 1144 1
1147 1146 1
1149 1148 1
1149 1958 1
1149 3218 1
1150 1148 1
1150 1958 1
1150 3218 1
1150 1149 1
1152 1151 1
1153 1151 1
1154 1151 1
1155 1151 1
1156 1151 1
1157 1151 1
1161 1160 1
1163 1162 1
1163 1645 1
1163 2130 1
1163 2367 1
1163 3938 1
1163 5062 1
1166 1165 1
1169 1168 1
1171 1170 1
1173 1172 1
1175 1174 1
1176 1174 1
1176 1175 1
1176 4101 1
1177 1174 1
1177 1175 1
1179 1178 1
1179 4548 1
1181 1180 1
1182 290 1
1184 1183 1
1184 3102 1
1187 1186 1
1188 1186 1
1189 1186 1
1191 1190 1
1193 1192 1
1197 1196 1
1200 1199 1
1202 1201 1
1202 2811 1
1202 4193 1
1202 4696 1
1202 5100 1
1202 5317 1
1204 1203 1
1204 2293 1
1205 1203 1
1205 2293 1
1205 1204 1
1207 1206 1
1207 2039 1
1207 2784 1
1207 4715 1
1208 1206 1
1208 2039 1
1208 2784 1
1208 4715 1
1209 1206 1
1209 2039 1
1209 2784 1
1209 4715 1
1210 1206 1
1210 2039 1
1210 2784 1
1210 4715 1
1212 1211 1
1214 1213 1
1214 3065 1
1215 1213 1
1215 3065 1
1216 1213 1
1216 3065 1
1218 1217 1
1219 1217 1
1221 1220 1
1221 2512 1
1221 2895 1
1224 1223 1
1224 1976 1
1224 4122 1
1226 1225 1
1228 1227 1
1230 1229 1
1233 1232 1
1234 761 1
1236 1235 1
1236 3845 1
1238 1237 1
1238 3961 1
1240 1239 1
1240 4560 1
1243 1242 1
1246 1245 1
1246 2996 1
1246 3100 1
1249 1248 1
1251 1250 1
1252 1250 1
1252 1251 1
1253 1250 1
1253 2608 1
1253 2985 1
1253 3873 1
1253 1251 1
1254 1250 1
1254 1251 1
1256 1255 1
1258 1257 1
1265 1264 1
1266 1092 1
1268 1267 1
1270 1269 1
1270 2855 1
1273 1272 1
1275 1274 1
1278 1277 1
1280 1279 1
1280 2448 1
1280 3687 1
1283 1282 1
1283 2448 1
1286 1285 1
1289 1288 1
1290 1288 1
1291 414 1
1293 1292 1
1296 1295 1
1298 1297 1
1300 1299 1
1302 1301 1
1302 2793 1
1302 3633 1
1304 1303 1
1306 1305 1
1308 1307 1
1312 1311 1
1312 3377 1
1315 1314 1
1320 1319 1
1322 1321 1
1322 1497 1
1323 1321 1
1323 1497 1
1324 1321 1
1324 1497 1
1327 1326 1
1329 1328 1
1330 1328 1
1332 1331 1
1335 1334 1
1335 3294 1
1335 4004 1
1337 1336 1
1337 3221 1
1337 5336 1
1341 1340 1
1341 5029 1
1342 1340 1
1343 290 1
1346 1345 1
1346 1378 1
1348 1347 1
1348 2082 1
1348 4227 1
1348 5376 1
1351 1350 1
1352 1350 1
1354 1353 1
1354 2839 1
1354 2908 1
1356 1355 1
1357 1355 1
1359 1358 1
1361 4273 1
1363 1362 1
1363 4464 1
1365 1364 1
1367 1366 1
1369 1368 1
1371 1370 1
1373 1372 1
1373 2485 1
1375 1374 1
1377 1376 1
1380 1379 1
1380 1436 1
1380 2431 1
1381 1379 1
1381 1436 1
1381 2431 1
1381 1380 1
1382 1379 1
1382 1436 1
1382 2431 1
1382 1380 1
1383 657 1
1385 1384 1
1385 917 1
1385 3589 1
1385 5083 1
1387 1386 1
1391 1390 1
1393 1392 1
1395 1394 1
1396 1394 1
1398 1397 1
1401 1400 1
1402 1400 1
1402 1401 1
1404 1403 1
1405 1403 1
1405 2422 1
1406 1403 1
1409 1408 1
1411 1410 1
1413 1412 1
1413 4192 1
1413 4498 1
1416 1415 1
1416 1627 1
1416 2222 1
1416 1815 1
1420 1419 1
1423 1422 1
1423 1815 1
1423 2375 1
1423 2680 1
1423 4203 1
1425 1424 1
1426 1424 1
1429 1428 1
1430 1428 1
1431 1350 1
1432 1292 1
1433 779 1
1435 1434 1
1440 1439 1
1442 1441 1
1442 1501 1
1442 4130 1
1442 4350 1
1443 1441 1
1443 4130 1
1443 4350 1
1446 1445 1
1448 1447 1
1450 1449 1
1450 1711 1
1450 4303 1
1450 4477 1
1452 1451 1
1454 1453 1
1454 3587 1
1454 4250 1
1457 498 1
1457 4456 1
1457 4854 1
1459 1284 1
1459 1864 1
1461 1460 1
1462 1460 1
1462 1616 1
1462 2213 1
1462 2989 1
1462 3523 1
1462 3721 1
1462 3877 1
1462 4232 1
1462 4382 1
1462 4703 1
1463 1460 1
1466 1465 1
1467 1465 1
1470 1469 1
1472 1471 1
1472 3031 1
1472 4354 1
1474 1473 1
1476 1475 1
1477 1475 1
1479 1478 1
1481 1480 1
1481 2652 1
1484 1483 1
1485 1483 1
1487 1486 1
1489 114 1
1489 4187 1
1491 1490 1
1491 2260 1
1493 1492 1
1493 1494 1
1494 1492 1
1496 1495 1
1498 1350 1
1500 1499 1
1504 1503 1
1508 1507 1
1508 2237 1
1508 2266 1
1508 2268 1
1508 4592 1
1508 5179 1
1509 1507 1
1509 1739 1
1509 2176 1
1509 2266 1
1509 4592 1
1509 5179 1
1512 1511 1
1512 2762 1
1512 4762 1
1512 4780 1
1512 5198 1
1512 5251 1
1512 5271 1
1512 5296 1
1516 1515 1
1516 3388 1
1518 1517 1
1520 1519 1
1524 1523 1
1530 1529 1
1531 1529 1
1532 1529 1
1535 1534 1
1539 1538 1
1539 1726 1
1543 1542 1
1543 43 1
1543 5043 1
1544 1542 1
1544 43 1
1544 4800 1
1544 5043 1
1546 1545 1
1547 1545 1
1549 1548 1
1551 1550 1
1552 1550 1
1554 1553 1
1555 1553 1
1558 1557 1
1560 1559 1
1561 1559 1
1562 1557 1
1562 1863 1
1565 1564 1
1567 1566 1
1570 1569 1
1571 657 1
1573 1572 1
1577 1576 1
1579 1578 1
1580 1578 1
1582 1581 1
1585 1538 1
1587 1586 1
1590 1589 1
1593 1592 1
1595 1594 1
1596 1594 1
1598 1597 1
1598 4181 1
1602 1601 1
1604 1603 1
1606 1605 1
1606 1843 1
1607 1605 1
1608 1605 1
1609 1605 1
1611 1610 1
1611 2612 1
1611 2687 1
1611 3062 1
1611 3984 1
1611 4352 1
1612 1594 1
1614 1449 1
1619 1618 1
1621 1620 1
1621 2248 1
1623 1622 1
1625 1624 1
1630 1629 1
1630 2391 1
1630 3059 1
1630 1360 1
1630 4326 1
1631 1629 1
1631 2391 1
1631 3059 1
1631 1360 1
1631 4326 1
1631 1630 1
1633 1632 1
1636 1635 1
1639 1638 1
1642 1641 1
1644 1643 1
1644 3386 1
1648 1647 1
1652 1651 1
1653 1651 1
1654 1651 1
1655 1651 1
1658 1657 1
1660 1659 1
1660 1912 1
1660 4123 1
1662 1661 1
1664 1663 1
1666 1319 1
1666 2450 1
1666 3812 1
1666 4024 1
1666 4131 1
1673 1672 1
1675 1674 1
1675 4455 1
1675 5189 1
1676 1674 1
1676 3357 1
1676 3649 1
1676 4344 1
1676 4455 1
1676 4827 1
1676 4848 1
1676 5189 1
1676 5383 1
1678 1677 1
1678 5038 1
1680 1679 1
1681 1679 1
1683 1682 1
1684 1682 1
1684 1683 1
1685 1682 1
1685 1683 1
1688 1687 1
1688 1689 1
1688 5075 1
1689 1687 1
1689 5075 1
1691 1690 1
1693 1692 1
1693 2695 1
1693 4833 1
1694 1692 1
1694 2695 1
1694 4833 1
1695 1292 1
1698 1697 1
1700 1581 1
1701 1581 1
1705 1704 1
1705 1904 1
1705 2269 1
1705 2829 1
1705 3433 1
1708 1707 1
1710 1709 1
1710 1807 1
1710 2488 1
1713 1712 1
1715 1714 1
1718 1717 1
1720 1319 1
1721 114 1
1721 2223 1
1722 1635 1
1724 1723 1
1730 1729 1
1736 1735 1
1736 2199 1
1736 2884 1
1736 5334 1
1738 1737 1
1738 2075 1
1740 1739 1
1740 2176 1
1741 1350 1
1742 1645 1
1743 1645 1
1746 1745 1
1746 2196 1
1749 1748 1
1753 1752 1
1754 1752 1
1755 1752 1
1756 1752 1
1757 3290 1
1758 1757 1
1759 1757 1
1760 1757 1
1761 1757 1
1762 1757 1
1763 1757 1
1764 1757 1
1765 1757 1
1766 1757 1
1767 1757 1
1769 1768 1
1771 1770 1
1771 4240 1
1773 1319 1
1775 1774 1
1777 1776 1
1778 1776 1
1780 1779 1
1782 1781 1
1784 1783 1
1786 1785 1
1786 2076 1
1786 4606 1
1790 1789 1
1792 657 1
1797 1796 1
1799 1798 1
1799 2412 1
1803 1802 1
1803 2237 1
1803 2004 1
1805 1804 1
1811 1810 1
1811 3469 1
1814 1813 1
1817 1816 1
1819 1818 1
1822 1821 1
1824 1823 1
1829 1828 1
1831 1830 1
1834 1833 1
1836 1835 1
1838 1837 1
1840 1839 1
1840 3360 1
1840 5324 1
1842 1841 1
1844 1843 1
1844 2267 1
1844 2689 1
1846 1845 1
1846 3142 1
1848 1847 1
1848 2467 1
1848 2585 1
1848 5011 1
1849 1847 1
1849 2467 1
1849 2585 1
1849 5011 1
1852 1851 1
1855 1854 1
1855 3013 1
1855 3165 1
1855 3515 1
1855 3119 1
1855 3014 1
1857 1856 1
1857 3009 1
1857 3161 1
1858 1856 1
1858 3009 1
1858 3161 1
1860 1859 1
1860 3414 1
1860 4514 1
1862 1861 1
1865 352 1
1865 4068 1
1865 4823 1
1865 4939 1
1865 5088 1
1865 5236 1
1867 1866 1
1869 1868 1
1870 379 1
1872 1871 1
1875 1874 1
1876 1874 1
1877 1874 1
1879 1878 1
1880 1878 1
1880 1879 1
1881 1878 1
1881 1879 1
1883 1882 1
1883 4197 1
1883 4538 1
1883 4946 1
1885 1884 1
1887 233 1
1888 233 1
1890 1889 1
1892 1891 1
1892 2189 1
1892 4512 1
1892 4938 1
1892 5352 1
1895 1894 1
1895 3531 1
1899 1898 1
1900 1898 1
1901 1898 1
1902 657 1
1907 1906 1
1909 1908 1
1909 4828 1
1911 1910 1
1911 4401 1
1911 4840 1
1914 1913 1
1914 1094 1
1916 1915 1
1918 1917 1
1919 1917 1
1919 1918 1
1919 3150 1
1919 3217 1
1921 1920 1
1923 1922 1
1927 1926 1
1927 3553 1
1927 4978 1
1929 1928 1
1932 1931 1
1934 1933 1
1936 1935 1
1936 2358 1
1936 2413 1
1936 2624 1
1939 1938 1
1939 3376 1
1941 1940 1
1944 1943 1
1946 288 1
1948 1947 1
1950 1949 1
1952 1951 1
1953 1951 1
1954 1951 1
1954 2597 1
1956 1955 1
1964 1963 1
1967 1966 1
1972 1971 1
1972 2939 1
1972 3797 1
1974 1973 1
1978 1977 1
1980 1979 1
1981 1979 1
1985 1984 1
1986 1984 1
1987 1984 1
1988 1984 1
1989 1984 1
1990 1984 1
1992 1991 1
1996 1995 1
2001 2000 1
2005 2004 1
2005 2237 1
2008 2007 1
2010 2009 1
2010 4223 1
2011 2009 1
2011 4223 1
2012 2009 1
2012 4223 1
2014 2013 1
2015 2013 1
2016 2013 1
2017 2013 1
2018 2013 1
2019 2013 1
2020 2013 1
2021 2013 1
2022 2013 1
2023 2013 1
2025 2024 1
2026 2024 1
2028 2027 1
2028 2540 1
2029 2027 1
2029 2427 1
2030 2027 1
2031 2027 1
2032 2027 1
2033 2027 1
2033 2427 1
2034 2027 1
2035 2027 1
2036 2027 1
2037 1350 1
2042 2041 1
2043 2041 1
2046 2045 1
2048 2047 1
2048 5344 1
2050 2049 1
2051 2049 1
2057 2056 1
2059 1851 1
2063 2062 1
2065 2064 1
2065 3894 1
2065 4397 1
2067 2066 1
2067 2900 1
2071 2070 1
2073 2072 1
2074 2072 1
2078 2077 1
2080 2079 1
2083 1465 1
2087 2086 1
2087 4950 1
2090 2089 1
2090 3751 1
2090 4536 1
2092 2091 1
2095 2094 1
2097 2096 1
2102 2101 1
2104 2103 1
2104 2984 1
2106 2105 1
2108 2107 1
2110 2109 1
2111 2109 1
2111 5081 1
2112 2109 1
2113 2109 1
2114 2109 1
2115 2109 1
2116 2109 1
2117 2109 1
2118 1991 1
2118 3664 1
2118 3864 1
2120 2119 1
2123 2122 1
2124 2122 1
2127 2126 1
2127 2245 1
2127 3067 1
2127 3264 1
2129 2128 1
2133 2132 1
2136 2135 1
2136 2341 1
2138 2137 1
2139 2137 1
2140 2137 1
2141 2137 1
2144 2143 1
2148 2147 1
2148 4166 1
2148 2404 1
2148 5286 1
2151 2150 1
2154 2153 1
2157 2156 1
2160 2159 1
2162 2161 1
2162 3457 1
2162 3727 1
2162 4243 1
2162 4467 1
2162 5090 1
2164 2163 1
2166 2165 1
2166 4602 1
2168 2167 1
2169 2167 1
2171 2170 1
2173 2172 1
2173 5211 1
2175 2174 1
2175 3219 1
2175 3944 1
2178 2177 1
2180 2179 1
2181 2179 1
2182 2121 1
2184 2183 1
2185 2183 1
2187 2186 1
2192 2191 1
2192 2404 1
2198 2197 1
2201 2200 1
2202 2200 1
2204 2203 1
2206 2205 1
2208 2207 1
2214 5395 1
2215 2214 1
2218 2217 1
2221 2220 1
2221 3603 1
2225 2224 1
2225 3330 1
2227 2226 1
2230 2229 1
2236 2235 1
2238 2237 1
2238 2004 1
2239 2237 1
2239 2004 1
2240 2237 1
2240 2004 1
2241 2237 1
2241 2004 1
2242 2237 1
2242 2004 1
2246 1537 1
2246 4006 1
2247 1537 1
2247 4006 1
2250 2249 1
2250 3466 1
2250 3596 1
2250 4332 1
2252 2251 1
2254 2253 1
2257 2256 1
2264 2263 1
2264 2569 1
2264 3607 1
2264 5140 1
2265 1750 1
2265 3179 1
2271 2270 1
2271 286 1
2273 2272 1
2274 2272 1
2277 2276 1
2280 2279 1
2283 2282 1
2283 3293 1
2285 2284 1
2286 2284 1
2288 2287 1
2289 2287 1
2291 2290 1
2298 2297 1
2300 2299 1
2300 3288 1
2300 3048 1
2303 2302 1
2305 2304 1
2305 4860 1
2309 2308 1
2314 2313 1
2317 2316 1
2320 2319 1
2322 2321 1
2325 2324 1
2327 2326 1
2329 2328 1
2331 2330 1
2333 2332 1
2334 2332 1
2340 2339 1
2343 2342 1
2344 2342 1
2346 2345 1
2348 2347 1
2351 2350 1
2352 2350 1
2353 2350 1
2354 2350 1
2356 2355 1
2357 2355 1
2360 2359 1
2361 2359 1
2363 2362 1
2363 2705 1
2363 3086 1
2366 2365 1
2370 354 1
2372 2371 1
2373 2371 1
2377 2376 1
2378 2376 1
2379 2376 1
2382 2381 1
2385 2384 1
2385 4639 1
2393 2392 1
2395 2394 1
2396 2233 1
2398 2397 1
2401 2400 1
2401 3422 1
2401 4200 1
2403 2402 1
2403 5080 1
2405 2404 1
2406 2404 1
2408 2407 1
2409 2407 1
2411 1750 1
2411 3179 1
2416 2415 1
2416 3181 1
2416 4435 1
2416 4980 1
2418 2417 1
2418 2468 1
2418 2883 1
2418 2954 1
2418 5109 1
2418 5369 1
2419 2417 1
2419 2468 1
2419 2883 1
2419 2954 1
2419 5109 1
2419 5369 1
2421 2376 1
2423 2422 1
2424 2422 1
2426 2425 1
2428 2427 1
2430 2429 1
2430 3536 1
2437 2436 1
2438 2436 1
2440 2439 1
2442 2441 1
2444 2443 1
2445 2443 1
2447 2446 1
2447 4106 1
2452 2451 1
2458 2457 1
2460 2459 1
2461 2459 1
2462 2459 1
2464 2463 1
2464 3527 1
2464 4031 1
2465 2463 1
2465 3527 1
2471 2470 1
2471 2650 1
2472 2470 1
2472 2650 1
2472 2471 1
2473 2470 1
2473 2650 1
2473 2471 1
2478 2477 1
2480 2479 1
2480 3695 1
2482 2481 1
2482 2828 1
2487 2486 1
2491 2490 1
2494 2493 1
2494 4061 1
2498 2497 1
2502 2501 1
2504 2503 1
2504 2566 1
2506 2505 1
2506 3410 1
2506 4416 1
2508 2507 1
2508 3355 1
2508 5220 1
2510 2509 1
2514 2513 1
2517 2516 1
2519 2518 1
2523 2522 1
2523 2544 1
2523 2685 1
2523 4854 1
2525 2524 1
2529 2528 1
2530 2528 1
2532 2531 1
2532 2909 1
2532 3446 1
2532 3576 1
2532 3699 1
2532 4005 1
2532 4240 1
2532 4280 1
2532 4934 1
2535 2534 1
2536 2534 1
2537 2534 1
2539 2538 1
2543 2542 1
2546 2545 1
2548 2547 1
2552 2551 1
2552 5155 1
2554 2553 1
2556 2555 1
2556 2887 1
2556 3752 1
2556 4059 1
2556 5164 1
2556 5304 1
2557 2555 1
2557 3752 1
2557 2556 1
2558 2555 1
2558 3752 1
2558 2556 1
2561 2560 1
2563 2562 1
2565 2564 1
2565 3765 1
2565 4252 1
2568 2567 1
2571 2570 1
2573 2572 1
2574 2572 1
2575 2572 1
2576 2572 1
2577 2572 1
2578 2572 1
2579 2572 1
2581 2580 1
2581 4970 1
2581 5183 1
2582 2580 1
2582 4970 1
2582 5183 1
2584 2583 1
2589 2588 1
2589 4651 1
2592 2591 1
2594 2593 1
2594 2928 1
2595 2593 1
2595 2928 1
2598 2597 1
2599 2597 1
2600 2597 1
2600 4483 1
2602 2601 1
2604 2603 1
2604 4255 1
2606 2605 1
2607 2605 1
2609 2608 1
2611 2610 1
2614 2613 1
2616 2615 1
2616 3234 1
2616 4111 1
2616 5048 1
2618 2617 1
2618 4503 1
2619 2617 1
2619 4503 1
2621 2620 1
2623 2622 1
2629 2628 1
2634 2633 1
2637 2636 1
2639 2638 1
2642 2641 1
2646 2645 1
2648 2647 1
2648 2988 1
2648 3348 1
2648 3521 1
2648 3010 1
2650 2471 1
2654 2653 1
2656 2655 1
2656 2827 1
2656 4541 1
2656 4832 1
2658 2657 1
2659 2657 1
2660 2657 1
2661 2657 1
2664 2663 1
2665 2663 1
2666 2663 1
2667 2663 1
2669 2668 1
2672 2671 1
2673 2671 1
2674 2671 1
2677 2676 1
2677 3063 1
2677 3780 1
2679 2678 1
2682 2681 1
2684 233 1
2691 2690 1
2692 3103 1
2697 2696 1
2699 2698 1
2701 2700 1
2704 2703 1
2704 3882 1
2708 2707 1
2708 3866 1
2714 2713 1
2715 2713 1
2718 2717 1
2723 2722 1
2723 422 1
2726 2376 1
2727 2376 1
2728 2376 1
2729 2376 1
2730 2376 1
2731 2376 1
2732 2376 1
2733 2376 1
2734 2376 1
2740 2739 1
2743 2742 1
2747 2746 1
2750 2749 1
2751 2749 1
2751 4702 1
2753 2752 1
2753 4004 1
2756 2755 1
2757 2755 1
2759 2758 1
2761 2760 1
2764 2763 1
2765 2763 1
2766 2763 1
2768 2767 1
2768 3522 1
2768 3988 1
2768 4182 1
2770 2769 1
2770 3820 1
2771 2769 1
2771 3820 1
2773 2772 1
2776 2775 1
2777 2775 1
2780 2779 1
2780 4965 1
2780 5335 1
2783 2782 1
2786 2785 1
2787 2404 1
2787 3568 1
2787 3945 1
2787 5195 1
2789 2788 1
2791 2790 1
2795 2794 1
2799 2798 1
2802 2801 1
2804 2803 1
2804 4630 1
2804 5345 1
2806 2805 1
2808 2807 1
2809 2807 1
2816 2815 1
2819 2818 1
2821 2820 1
2821 4348 1
2824 2823 1
2824 3865 1
2825 2823 1
2825 3865 1
2826 2823 1
2826 3865 1
2833 2832 1
2833 4586 1
2835 2834 1
2836 2471 1
2838 2837 1
2841 2840 1
2843 2842 1
2845 2844 1
2847 2846 1
2850 2849 1
2852 2851 1
2853 2851 1
2857 2856 1
2858 2856 1
2860 2859 1
2862 2861 1
2864 2863 1
2865 2863 1
2866 1128 1
2868 2867 1
2868 3110 1
2870 2869 1
2872 2871 1
2877 2876 1
2877 3722 1
2879 2878 1
2881 2880 1
2886 2885 1
2891 2890 1
2892 2890 1
2894 2893 1
2894 4873 1
2897 2896 1
2899 2898 1
2902 2901 1
2906 2905 1
2907 2905 1
2911 2910 1
2914 2913 1
2916 2915 1
2918 2917 1
2918 2919 1
2918 4302 1
2918 4459 1
2919 2917 1
2919 4302 1
2919 4459 1
2920 2917 1
2920 2919 1
2920 4302 1
2920 4459 1
2921 2917 1
2921 2919 1
2921 4302 1
2921 4459 1
2924 2923 1
2926 2925 1
2927 2925 1
2927 5337 1
2931 2930 1
2932 2930 1
2934 2933 1
2936 2935 1
2942 2941 1
2944 2943 1
2945 2582 1
2951 2950 1
2957 2956 1
2957 4432 1
2959 2958 1
2961 2960 1
2963 2962 1
2963 3619 1
2963 4069 1
2963 4614 1
2965 2964 1
2965 4037 1
2966 352 1
2968 2967 1
2970 2969 1
2972 2971 1
2974 2973 1
2976 2975 1
2977 819 1
2978 1538 1
2981 2980 1
2981 3241 1
2983 2982 1
2986 2985 1
2995 2994 1
2998 2997 1
3000 2999 1
3003 3002 1
3004 3002 1
3005 3002 1
3007 3006 1
3012 3011 1
3014 3013 1
3014 3119 1
3016 3015 1
3017 3015 1
3018 3015 1
3023 3022 1
3024 3022 1
3025 3022 1
3025 4096 1
3025 4059 1
3025 5263 1
3028 3027 1
3029 3027 1
3030 3027 1
3033 3032 1
3033 4502 1
3035 3034 1
3038 3037 1
3040 3039 1
3042 3041 1
3043 3041 1
3048 3047 1
3048 3288 1
3049 3047 1
3050 2869 1
3052 3051 1
3053 3051 1
3055 3054 1
3055 4468 1
3057 3056 1
3061 1714 1
3069 3068 1
3072 3071 1
3074 3073 1
3078 3077 1
3079 1116 1
3079 4760 1
3081 3080 1
3081 3908 1
3082 3080 1
3082 3908 1
3083 3080 1
3083 3908 1
3085 3084 1
3085 3586 1
3088 3087 1
3090 3089 1
3092 3091 1
3094 3093 1
3096 3095 1
3098 3097 1
3101 2383 1
3105 3104 1
3106 3104 1
3112 3111 1
3113 3111 1
3116 3115 1
3116 4173 1
3116 4259 1
3118 3117 1
3120 3119 1
3121 3119 1
3121 3120 1
3122 3119 1
3122 3120 1
3125 3124 1
3128 3127 1
3130 3129 1
3131 3129 1
3132 3129 1
3136 3135 1
3138 3137 1
3138 3529 1
3138 4587 1
3138 5069 1
3141 3140 1
3144 3143 1
3144 4746 1
3145 3143 1
3147 3146 1
3151 3150 1
3151 3217 1
3153 2946 1
3154 3153 1
3157 3156 1
3158 3156 1
3158 4582 1
3160 3159 1
3164 3163 1
3164 4835 1
3164 4902 1
3166 3165 1
3167 3165 1
3168 3165 1
3169 3165 1
3175 3174 1
3176 3174 1
3178 3177 1
3183 3182 1
3185 3184 1
3185 4957 1
3187 3186 1
3189 3188 1
3191 4534 1
3192 3191 1
3192 4534 1
3194 3193 1
3196 3195 1
3199 3198 1
3201 3200 1
3203 3202 1
3205 3204 1
3207 3206 1
3212 3211 1
3216 3215 1
3216 3445 1
3216 3573 1
3216 3948 1
3223 3222 1
3225 3224 1
3226 3224 1
3227 3224 1
3228 3224 1
3229 3224 1
3230 3224 1
3231 3224 1
3232 3224 1
3238 3237 1
3239 3237 1
3240 3237 1
3243 3242 1
3249 3248 1
3252 3251 1
3254 3253 1
3257 3256 1
3259 3258 1
3261 3260 1
3263 3262 1
3268 3267 1
3268 3583 1
3270 3269 1
3271 3269 1
3272 3269 1
3273 3269 1
3275 3274 1
3275 4345 1
3275 5127 1
3279 3278 1
3281 3280 1
3281 4513 1
3281 3006 1
3284 3283 1
3284 3924 1
3284 4422 1
3286 3285 1
3292 3291 1
3295 2946 1
3296 2946 1
3297 2946 1
3299 3298 1
3299 4912 1
3303 3302 1
3306 3305 1
3308 3307 1
3309 3307 1
3311 3310 1
3312 3310 1
3313 3310 1
3314 1360 1
3316 3315 1
3320 3319 1
3324 3323 1
3327 3326 1
3329 3328 1
3332 3331 1
3337 3336 1
3341 3340 1
3343 3342 1
3344 3342 1
3344 4383 1
3345 3342 1
3347 3346 1
3351 3350 1
3351 4988 1
3353 3352 1
3356 3355 1
3358 3357 1
3358 3649 1
3358 4344 1
3358 4827 1
3358 4848 1
3358 5383 1
3363 3362 1
3365 3364 1
3366 3364 1
3368 3367 1
3371 3370 1
3373 3372 1
3374 3372 1
3379 3378 1
3381 3380 1
3382 3380 1
3389 3388 1
3392 3391 1
3396 3395 1
3398 3397 1
3398 4240 1
3398 4274 1
3398 4906 1
3400 3399 1
3402 3401 1
3404 3403 1
3408 3407 1
3409 3407 1
3413 3412 1
3413 4447 1
3416 3415 1
3416 4831 1
3418 3417 1
3420 3419 1
3420 3714 1
3421 3349 1
3423 2427 1
3425 3424 1
3425 5256 1
3427 3426 1
3431 3430 1
3437 3436 1
3439 3438 1
3440 3438 1
3440 3439 1
3441 3438 1
3444 3443 1
3449 3448 1
3450 2930 1
3452 3451 1
3455 3454 1
3456 3454 1
3459 3458 1
3462 3461 1
3462 4812 1
3463 3461 1
3465 3464 1
3468 3467 1
3472 3471 1
3472 4336 1
3473 3471 1
3473 4336 1
3473 4890 1
3475 3474 1
3477 3476 1
3481 3480 1
3482 3480 1
3487 4658 1
3489 3237 1
3490 3237 1
3491 3237 1
3493 3492 1
3493 3690 1
3495 3494 1
3497 3496 1
3501 3500 1
3503 3502 1
3505 3504 1
3508 3507 1
3509 3507 1
3510 3507 1
3514 3513 1
3514 3867 1
3517 3516 1
3519 3518 1
3526 3525 1
3533 3532 1
3533 4431 1
3535 3534 1
3535 5084 1
3538 3537 1
3538 4381 1
3538 4581 1
3542 3541 1
3543 3541 1
3545 3544 1
3545 4802 1
3546 2214 1
3549 3548 1
3549 4544 1
3552 3551 1
3555 3554 1
3556 3554 1
3560 3559 1
3562 233 1
3563 233 1
3565 3564 1
3567 3566 1
3569 3568 1
3569 3945 1
3579 3578 1
3582 3581 1
3585 3584 1
3592 3591 1
3594 3593 1
3594 3898 1
3594 4886 1
3594 5010 1
3599 3598 1
3602 3601 1
3609 3608 1
3611 3610 1
3613 3612 1
3616 3615 1
3617 3615 1
3618 3615 1
3620 3619 1
3621 3619 1
3622 3619 1
3623 3619 1
3624 3619 1
3625 3619 1
3626 3619 1
3627 3619 1
3629 3628 1
3629 3717 1
3632 3631 1
3635 3522 1
3637 3636 1
3640 3639 1
3642 3641 1
3644 3643 1
3645 3643 1
3651 3650 1
3653 3652 1
3656 3655 1
3659 3658 1
3662 2583 1
3663 2758 1
3668 3667 1
3669 3667 1
3670 3667 1
3673 3672 1
3675 3674 1
3677 3676 1
3677 5358 1
3682 3681 1
3686 3685 1
3689 3688 1
3689 3010 1
3692 3691 1
3697 3696 1
3700 3699 1
3702 3701 1
3702 3881 1
3702 4500 1
3704 3703 1
3704 5305 1
3706 3705 1
3706 819 1
3713 3712 1
3716 3715 1
3719 3718 1
3724 3723 1
3726 3725 1
3729 3728 1
3733 3732 1
3737 3736 1
3740 3739 1
3741 3739 1
3743 3742 1
3747 3746 1
3748 3746 1
3750 3749 1
3754 3753 1
3756 3755 1
3757 3755 1
3763 3762 1
3763 3987 1
3763 4213 1
3767 3766 1
3768 1204 1
3770 3769 1
3772 3771 1
3774 3773 1
3777 3776 1
3778 3776 1
3783 3782 1
3784 3782 1
3786 3785 1
3787 3785 1
3789 3788 1
3791 3790 1
3793 3792 1
3795 3794 1
3799 3798 1
3802 3801 1
3805 3804 1
3807 3806 1
3809 3808 1
3810 3808 1
3814 3813 1
3815 3813 1
3816 3813 1
3826 3825 1
3828 3827 1
3831 3830 1
3834 3833 1
3835 3833 1
3836 3833 1
3838 3837 1
3838 4414 1
3838 5390 1
3842 3841 1
3847 3846 1
3850 3849 1
3850 5320 1
3851 3849 1
3851 5320 1
3854 3853 1
3856 3855 1
3856 4209 1
3858 3857 1
3860 3859 1
3862 3861 1
3863 3861 1
3868 3867 1
3871 3870 1
3871 5087 1
3872 3870 1
3872 5087 1
3874 3873 1
3875 3873 1
3876 3873 1
3880 1204 1
3883 3882 1
3885 3884 1
3889 3888 1
3889 3891 1
3890 3888 1
3890 3891 1
3896 3895 1
3902 3901 1
3902 4885 1
3906 3905 1
3907 3905 1
3910 3909 1
3911 3909 1
3914 1559 1
3917 3916 1
3920 3919 1
3920 4433 1
3923 3922 1
3927 3926 1
3929 3928 1
3931 3930 1
3935 3934 1
3936 3934 1
3942 3941 1
3943 3941 1
3947 3946 1
3950 3949 1
3952 3951 1
3954 3953 1
3954 4580 1
3956 3955 1
3957 1204 1
3958 1204 1
3960 3959 1
3963 3962 1
3965 3964 1
3967 3966 1
3969 3968 1
3971 3970 1
3973 3972 1
3976 3975 1
3977 3975 1
3977 3976 1
3979 3978 1
3979 4707 1
3979 4829 1
3981 3980 1
3990 3989 1
3993 3992 1
3994 3992 1
3995 3992 1
3998 3997 1
3999 3997 1
4000 3655 1
4003 4002 1
4008 4007 1
4009 4007 1
4012 4011 1
4015 4014 1
4015 4463 1
4017 4016 1
4019 4018 1
4021 4020 1
4023 4022 1
4026 4025 1
4030 4029 1
4032 4031 1
4033 4031 1
4034 4031 1
4036 4035 1
4039 4038 1
4041 4040 1
4043 4042 1
4045 4044 1
4047 4046 1
4050 4049 1
4050 4962 1
4052 4051 1
4053 4051 1
4055 4054 1
4057 4056 1
4058 4056 1
4063 4062 1
4064 4062 1
4067 4066 1
4071 4070 1
4072 4070 1
4076 4075 1
4078 4077 1
4080 4079 1
4084 4083 1
4085 4083 1
4087 1534 1
4089 3111 1
4092 4091 1
4093 4091 1
4095 4094 1
4097 4096 1
4097 4059 1
4097 5263 1
4100 4099 1
4103 4102 1
4105 4104 1
4105 5126 1
4109 4108 1
4113 4112 1
4113 4398 1
4114 4112 1
4114 4398 1
4114 5353 1
4115 4112 1
4115 4398 1
4118 3237 1
4121 4120 1
4125 4124 1
4127 3824 1
4132 3258 1
4134 4133 1
4135 4133 1
4138 4137 1
4141 4140 1
4143 4142 1
4149 4148 1
4151 4150 1
4151 5342 1
4152 4150 1
4154 4153 1
4155 4153 1
4157 4156 1
4160 4159 1
4163 4162 1
4165 4164 1
4168 4167 1
4172 4171 1
4176 3962 1
4178 4177 1
4179 3417 1
4184 4183 1
4186 4185 1
4189 4188 1
4191 4190 1
4196 4195 1
4202 4201 1
4207 4206 1
4208 4206 1
4212 4211 1
4214 3458 1
4216 4215 1
4219 4218 1
4220 4218 1
4221 4218 1
4226 4225 1
4229 4228 1
4231 4230 1
4233 3867 1
4235 4234 1
4238 4237 1
4238 5065 1
4242 4241 1
4246 3934 1
4249 4248 1
4251 3606 1
4258 4257 1
4262 4261 1
4264 4263 1
4266 4265 1
4268 4267 1
4270 4269 1
4272 4271 1
4276 4275 1
4277 4275 1
4279 4278 1
4283 4282 1
4284 4282 1
4284 290 1
4285 4282 1
4286 4282 1
4289 4288 1
4289 5022 1
4290 4288 1
4290 5022 1
4293 4292 1
4295 4294 1
4298 4297 1
4301 4300 1
4306 4305 1
4308 4307 1
4309 3584 1
4310 3584 1
4312 4311 1
4315 4314 1
4316 4314 1
4317 4314 1
4318 4314 1
4319 4314 1
4321 4320 1
4325 4324 1
4330 4329 1
4333 3436 1
4339 445 1
4341 4340 1
4343 4342 1
4356 4355 1
4358 4357 1
4358 4913 1
4361 4360 1
4363 4362 1
4365 4364 1
4368 4367 1
4371 4370 1
4372 4370 1
4374 4373 1
4377 4376 1
4378 4376 1
4380 4379 1
4384 4383 1
4390 4389 1
4394 4393 1
4400 4399 1
4403 4402 1
4421 4420 1
4426 4425 1
4428 4427 1
4429 4427 1
4430 4427 1
4434 3968 1
4437 4436 1
4440 4439 1
4441 4439 1
4443 4442 1
4450 4449 1
4451 4449 1
4454 4453 1
4458 4457 1
4462 4461 1
4462 4603 1
4470 4469 1
4471 4469 1
4472 4469 1
4474 4473 1
4476 4475 1
4479 4478 1
4482 4481 1
4484 4483 1
4486 3237 1
4488 4487 1
4490 4489 1
4492 4491 1
4495 4494 1
4497 4496 1
4497 4612 1
4505 3436 1
4507 4506 1
4508 4506 1
4517 4516 1
4519 4518 1
4522 4521 1
4524 4523 1
4525 4523 1
4527 4526 1
4529 4528 1
4529 4867 1
4530 2439 1
4532 4531 1
4533 4531 1
4535 4534 1
4537 4536 1
4540 4539 1
4543 4542 1
4551 4550 1
4552 4550 1
4555 4554 1
4556 4554 1
4558 4557 1
4561 4560 1
4562 4560 1
4563 4560 1
4565 4564 1
4568 4567 1
4570 4569 1
4576 4575 1
4578 4577 1
4583 4582 1
4585 4584 1
4589 4588 1
4591 4590 1
4595 4594 1
4597 4596 1
4605 4604 1
4609 4608 1
4609 5110 1
4609 5375 1
4611 4610 1
4615 4614 1
4619 4618 1
4619 3333 1
4621 4620 1
4623 2404 1
4626 4625 1
4629 4628 1
4631 1204 1
4633 4632 1
4634 4632 1
4635 3956 1
4636 3956 1
4643 4642 1
4644 4642 1
4647 4646 1
4649 4648 1
4650 4516 1
4654 4653 1
4657 4656 1
4665 4664 1
4667 4666 1
4670 4669 1
4670 5042 1
4672 4671 1
4673 3606 1
4675 4674 1
4677 4676 1
4678 4676 1
4680 4679 1
4681 4679 1
4682 4671 1
4684 2820 1
4686 4685 1
4688 4687 1
4689 4687 1
4691 3111 1
4693 4692 1
4694 4692 1
4699 4698 1
4701 4700 1
4706 4705 1
4708 2404 1
4709 4059 1
4712 4711 1
4714 4713 1
4714 5037 1
4727 4726 1
4729 4728 1
4730 4728 1
4733 4732 1
4735 4734 1
4736 1984 1
4738 4737 1
4740 4739 1
4743 4742 1
4745 4744 1
4748 4747 1
4749 4747 1
4750 2404 1
4756 4755 1
4758 4757 1
4761 4760 1
4767 4766 1
4771 4770 1
4774 4773 1
4775 4773 1
4776 4153 1
4778 4777 1
4782 4781 1
4787 4786 1
4788 4786 1
4789 4786 1
4790 4786 1
4792 4791 1
4794 4793 1
4797 4796 1
4799 4798 1
4804 4803 1
4807 4806 1
4809 4808 1
4811 4810 1
4813 4812 1
4819 4818 1
4821 4820 1
4826 4825 1
4839 4838 1
4841 1689 1
4843 4842 1
4846 4845 1
4851 4850 1
4858 4857 1
4859 4857 1
4864 4863 1
4866 4865 1
4866 5272 1
4869 4868 1
4870 4868 1
4871 4868 1
4875 4874 1
4876 4874 1
4878 4877 1
4879 4877 1
4880 4877 1
4883 4882 1
4883 5349 1
4888 4887 1
4891 4890 1
4892 4890 1
4895 4894 1
4897 4896 1
4897 4922 1
4897 4991 1
4899 4898 1
4900 4898 1
4901 4898 1
4903 815 1
4905 4904 1
4908 4907 1
4909 4907 1
4910 4907 1
4911 2404 1
4917 3034 1
4919 4918 1
4927 4926 1
4930 4929 1
4931 1192 1
4936 4935 1
4937 4935 1
4941 4940 1
4941 5102 1
4943 4942 1
4944 1557 1
4945 1557 1
4948 4947 1
4952 4951 1
4955 4954 1
4958 4957 1
4959 4957 1
4961 4960 1
4964 4963 1
4967 4966 1
4969 4968 1
4969 4989 1
4971 4863 1
4972 4863 1
4973 4863 1
4976 4975 1
4976 5381 1
4979 4951 1
4982 4981 1
4985 4984 1
4987 4986 1
4995 4951 1
4998 4997 1
4999 4997 1
5001 5000 1
5007 4951 1
5009 5008 1
5014 5013 1
5015 5013 1
5019 5018 1
5021 233 1
5025 4831 1
5026 4831 1
5028 5027 1
5031 5030 1
5032 5030 1
5033 4120 1
5034 4120 1
5036 5035 1
5039 4951 1
5046 5045 1
5047 5045 1
5052 5051 1
5054 5053 1
5057 5056 1
5060 5059 1
5066 5065 1
5067 5065 1
5068 5065 1
5071 5070 1
5073 5072 1
5077 5076 1
5079 5078 1
5082 5081 1
5086 5085 1
5089 4951 1
5092 5091 1
5094 5093 1
5095 5093 1
5097 5096 1
5099 5098 1
5105 5104 1
5112 5111 1
5113 5111 1
5114 5111 1
5115 5111 1
5116 5111 1
5117 5111 1
5118 5111 1
5121 5120 1
5122 5120 1
5123 5120 1
5130 5129 1
5131 4679 1
5133 5132 1
5135 5134 1
5139 5138 1
5142 5141 1
5144 5143 1
5145 5143 1
5147 5146 1
5149 5148 1
5152 5151 1
5154 1376 1
5154 5346 1
5157 5156 1
5159 5158 1
5160 5158 1
5162 5161 1
5163 5161 1
5166 5165 1
5166 5206 1
5170 5169 1
5171 5169 1
5172 5169 1
5173 5169 1
5174 5169 1
5175 5169 1
5178 5177 1
5185 5184 1
5186 5184 1
5191 5190 1
5196 5195 1
5197 4398 1
5201 5200 1
5203 5202 1
5204 5202 1
5205 5013 1
5208 4705 1
5213 5212 1
5216 5215 1
5219 5218 1
5222 5221 1
5226 5225 1
5228 3288 1
5229 3288 1
5230 3288 1
5232 5231 1
5235 5234 1
5239 5238 1
5241 5240 1
5242 5240 1
5248 5247 1
5250 5249 1
5253 5252 1
5259 5258 1
5262 5261 1
5267 5266 1
5268 5266 1
5270 5269 1
5274 5273 1
5277 5276 1
5278 5276 1
5282 5281 1
5283 5281 1
5285 5284 1
5289 5288 1
5293 5292 1
5298 5297 1
5300 5299 1
5301 5299 1
5302 5299 1
5307 5306 1
5308 5306 1
5310 5309 1
5312 3027 1
5315 5314 1
5319 5318 1
5326 5325 1
5327 5325 1
5328 5325 1
5329 5325 1
5333 5332 1
5338 5337 1
5339 5337 1
5340 5337 1
5343 5342 1
5348 5347 1
5351 815 1
5354 5353 1
5356 5355 1
5359 5337 1
5360 5337 1
5362 5361 1
5363 5361 1
5367 5366 1
5368 5366 1
5371 5370 1
5373 5372 1
5380 5379 1
5385 5384 1
5389 5388 1
5392 5391 1
5394 5393 1
5397 5396 1
5399 5398 1
5400 5398 1
