1 2 1
3 4 1
5 6 1
5 7 1
8 9 1
8 10 1
11 12 1
13 14 1
15 16 1
15 17 1
18 19 1
20 21 1
22 23 1
24 25 1
24 26 1
27 28 1
29 30 1
29 31 1
30 31 1
31 30 1
32 33 1
34 35 1
36 37 1
36 38 1
39 40 1
41 42 1
43 44 1
43 1543 1
43 1544 1
45 46 1
47 48 1
49 50 1
51 52 1
53 54 1
53 55 1
56 57 1
58 59 1
60 61 1
62 63 1
64 65 1
66 67 1
68 69 1
70 71 1
70 185 1
72 73 1
72 74 1
72 75 1
76 77 1
78 79 1
80 81 1
82 83 1
84 19 1
85 86 1
87 88 1
89 88 1
90 91 1
90 92 1
90 93 1
94 95 1
96 97 1
98 99 1
100 101 1
102 103 1
104 105 1
106 81 1
107 108 1
109 110 1
109 111 1
112 113 1
114 115 1
114 1489 1
114 1721 1
116 117 1
118 119 1
120 121 1
120 122 1
123 124 1
123 125 1
123 126 1
127 128 1
129 130 1
131 132 1
131 133 1
134 135 1
136 137 1
138 139 1
140 141 1
142 130 1
143 144 1
145 146 1
147 30 1
147 31 1
148 149 1
148 150 1
148 523 1
151 152 1
153 154 1
155 79 1
156 157 1
158 159 1
158 160 1
161 162 1
161 163 1
164 165 1
166 167 1
166 168 1
169 170 1
171 172 1
173 174 1
175 176 1
175 177 1
178 52 1
179 180 1
179 181 1
182 183 1
184 185 1
186 174 1
187 188 1
187 189 1
187 190 1
191 192 1
193 194 1
195 196 1
197 198 1
199 200 1
201 202 1
203 204 1
205 206 1
207 208 1
209 210 1
211 212 1
213 214 1
215 216 1
217 218 1
219 130 1
219 581 1
220 221 1
220 222 1
220 485 1
223 91 1
223 92 1
223 93 1
224 225 1
226 30 1
226 31 1
227 228 1
229 230 1
231 232 1
233 234 1
233 1887 1
233 1888 1
233 2684 1
233 3562 1
233 3563 1
233 5021 1
235 236 1
237 238 1
239 240 1
241 242 1
243 244 1
243 1045 1
243 1046 1
243 1047 1
245 246 1
247 130 1
248 249 1
250 251 1
252 253 1
254 255 1
256 257 1
256 258 1
259 19 1
260 91 1
260 92 1
260 93 1
261 262 1
263 264 1
263 55 1
263 265 1
263 266 1
264 990 1
267 268 1
267 269 1
270 271 1
272 273 1
272 274 1
275 23 1
276 105 1
277 278 1
279 130 1
280 236 1
281 282 1
283 284 1
283 285 1
286 130 1
286 2271 1
286 240 1
287 2 1
288 289 1
288 1946 1
290 291 1
290 1182 1
290 1343 1
290 111 1
290 4284 1
292 293 1
294 130 1
295 296 1
297 298 1
299 300 1
299 301 1
302 303 1
304 305 1
306 307 1
308 309 1
310 311 1
312 313 1
314 81 1
315 95 1
316 317 1
316 318 1
319 320 1
321 322 1
321 323 1
321 324 1
325 326 1
327 328 1
329 330 1
331 332 1
331 333 1
334 335 1
334 336 1
335 336 1
337 174 1
338 339 1
340 130 1
341 185 1
342 343 1
344 345 1
346 347 1
348 349 1
348 350 1
348 351 1
352 353 1
352 859 1
352 1865 1
352 2966 1
354 355 1
354 356 1
354 357 1
354 358 1
354 359 1
354 360 1
354 361 1
354 362 1
354 660 1
354 1064 1
354 1065 1
354 1066 1
354 2370 1
363 339 1
364 365 1
366 367 1
366 368 1
369 370 1
371 372 1
373 374 1
375 376 1
377 378 1
379 380 1
379 1870 1
381 382 1
383 384 1
385 386 1
387 206 1
388 389 1
390 391 1
392 393 1
394 395 1
396 397 1
396 398 1
399 157 1
400 401 1
400 402 1
400 403 1
404 105 1
405 196 1
406 25 1
407 408 1
409 410 1
411 412 1
413 33 1
414 415 1
414 1291 1
416 417 1
418 419 1
420 421 1
422 423 1
422 2723 1
424 425 1
424 426 1
424 427 1
428 429 1
428 430 1
431 432 1
433 130 1
434 435 1
436 232 1
437 438 1
437 564 1
439 440 1
440 439 1
441 442 1
443 444 1
445 446 1
445 447 1
445 4339 1
448 449 1
450 451 1
450 452 1
453 454 1
453 455 1
453 456 1
457 458 1
459 460 1
461 462 1
463 464 1
463 581 1
465 466 1
467 130 1
468 469 1
468 232 1
470 471 1
472 300 1
472 301 1
473 474 1
473 475 1
476 477 1
478 282 1
479 480 1
479 481 1
479 482 1
481 480 1
481 482 1
483 484 1
483 552 1
486 487 1
488 19 1
489 132 1
489 133 1
490 88 1
491 492 1
493 130 1
494 495 1
496 497 1
498 499 1
498 500 1
498 1457 1
501 502 1
503 504 1
505 23 1
506 507 1
506 508 1
509 510 1
511 512 1
513 514 1
513 636 1
515 516 1
517 518 1
517 519 1
520 33 1
521 19 1
522 162 1
522 163 1
524 196 1
525 526 1
527 421 1
528 174 1
529 530 1
531 67 1
532 19 1
533 534 1
535 81 1
536 537 1
538 19 1
539 421 1
540 541 1
542 543 1
544 545 1
546 547 1
548 549 1
550 551 1
553 554 1
555 556 1
557 558 1
559 560 1
561 562 1
561 563 1
565 566 1
565 567 1
565 568 1
569 374 1
570 374 1
572 105 1
573 149 1
574 67 1
575 130 1
576 577 1
578 579 1
578 464 1
580 581 1
582 583 1
584 585 1
586 587 1
586 588 1
586 589 1
590 591 1
592 157 1
593 594 1
595 421 1
596 597 1
596 598 1
596 599 1
596 600 1
601 130 1
602 174 1
603 105 1
604 605 1
604 726 1
605 726 1
606 607 1
608 88 1
609 165 1
610 611 1
612 174 1
613 614 1
613 615 1
613 616 1
617 618 1
617 619 1
620 621 1
622 623 1
624 67 1
625 626 1
625 627 1
628 629 1
630 631 1
630 320 1
632 633 1
632 634 1
633 634 1
635 636 1
637 67 1
638 639 1
638 640 1
639 640 1
641 642 1
643 644 1
645 646 1
647 648 1
649 343 1
650 374 1
651 421 1
652 653 1
654 174 1
655 656 1
657 658 1
657 1383 1
657 1571 1
657 1792 1
657 1902 1
659 611 1
659 135 1
661 662 1
663 587 1
663 588 1
663 589 1
664 665 1
666 667 1
668 326 1
669 551 1
670 671 1
672 673 1
674 675 1
676 456 1
677 678 1
679 680 1
681 88 1
682 200 1
683 61 1
684 685 1
687 688 1
689 690 1
691 692 1
693 694 1
695 696 1
695 697 1
695 698 1
699 185 1
700 701 1
702 703 1
704 705 1
704 706 1
707 708 1
709 710 1
711 712 1
713 236 1
714 715 1
716 678 1
717 718 1
717 792 1
719 720 1
721 177 1
721 722 1
723 724 1
725 130 1
727 728 1
729 130 1
730 731 1
732 117 1
733 734 1
735 736 1
737 504 1
738 81 1
739 740 1
739 741 1
742 743 1
744 745 1
744 746 1
747 748 1
747 749 1
750 751 1
752 753 1
752 754 1
752 755 1
752 756 1
752 757 1
752 111 1
752 758 1
752 759 1
752 760 1
761 740 1
761 1234 1
762 763 1
764 255 1
765 766 1
767 768 1
767 301 1
769 639 1
769 640 1
770 67 1
771 772 1
773 67 1
774 91 1
775 19 1
776 777 1
778 648 1
779 780 1
779 1433 1
781 782 1
783 784 1
785 786 1
787 788 1
787 922 1
789 130 1
790 791 1
793 300 1
793 301 1
794 795 1
796 797 1
798 799 1
800 740 1
801 802 1
803 804 1
805 444 1
806 807 1
806 808 1
807 808 1
809 67 1
810 88 1
811 19 1
812 813 1
812 991 1
814 815 1
814 816 1
814 232 1
815 4903 1
815 5351 1
817 88 1
818 636 1
819 820 1
819 2977 1
819 3706 1
821 822 1
823 824 1
823 825 1
826 827 1
828 829 1
830 130 1
831 832 1
833 421 1
834 449 1
835 836 1
837 547 1
838 202 1
839 840 1
841 842 1
843 844 1
843 845 1
846 847 1
846 848 1
849 850 1
851 852 1
851 629 1
853 854 1
855 856 1
857 858 1
860 861 1
862 581 1
863 864 1
863 865 1
863 866 1
863 867 1
868 869 1
870 871 1
872 873 1
874 157 1
875 876 1
875 877 1
875 878 1
879 880 1
881 882 1
883 23 1
884 885 1
884 886 1
887 157 1
888 339 1
889 890 1
889 891 1
892 236 1
893 188 1
893 189 1
893 190 1
894 895 1
896 293 1
896 1125 1
897 898 1
897 301 1
897 899 1
900 300 1
900 301 1
901 902 1
903 904 1
903 905 1
906 421 1
907 908 1
909 910 1
909 911 1
910 911 1
912 913 1
912 914 1
913 914 1
915 916 1
917 918 1
917 914 1
917 1385 1
919 920 1
921 95 1
923 924 1
925 715 1
927 928 1
929 930 1
929 471 1
931 177 1
931 722 1
932 933 1
934 648 1
935 135 1
936 421 1
937 117 1
938 939 1
940 88 1
941 942 1
943 944 1
945 339 1
946 947 1
946 374 1
948 949 1
950 951 1
952 953 1
954 955 1
956 859 1
956 1032 1
956 1033 1
957 391 1
958 959 1
958 960 1
961 157 1
962 585 1
963 964 1
965 966 1
965 967 1
968 969 1
968 240 1
970 40 1
971 541 1
972 40 1
973 974 1
975 88 1
976 977 1
976 1070 1
978 979 1
980 95 1
981 982 1
983 984 1
985 986 1
987 99 1
988 25 1
989 990 1
992 185 1
993 994 1
995 996 1
997 998 1
999 185 1
1000 1001 1
1002 19 1
1003 456 1
1003 1004 1
1003 1005 1
1004 751 1
1006 1007 1
1008 157 1
1009 1010 1
1011 185 1
1012 1013 1
1014 1015 1
1016 1017 1
1016 1018 1
1019 52 1
1020 105 1
1021 615 1
1021 581 1
1021 130 1
1022 382 1
1023 1024 1
1025 1026 1
1025 343 1
1027 1028 1
1029 1030 1
1031 1032 1
1031 1033 1
1034 1035 1
1036 1037 1
1038 629 1
1039 1040 1
1041 1042 1
1043 1044 1
1048 1049 1
1048 1050 1
1049 1050 1
1051 797 1
1052 1053 1
1054 1055 1
1054 1056 1
1057 1058 1
1057 1059 1
1060 1061 1
1060 1062 1
1060 1063 1
1067 1068 1
1067 1069 1
1071 19 1
1072 1073 1
1074 1075 1
1076 378 1
1077 1078 1
1079 1080 1
1081 1082 1
1083 1084 1
1083 19 1
1085 1075 1
1086 581 1
1087 1088 1
1089 88 1
1090 1091 1
1092 1093 1
1092 1266 1
1094 1095 1
1094 1914 1
1096 130 1
1097 1098 1
1099 966 1
1099 967 1
1100 67 1
1101 40 1
1102 130 1
1103 1104 1
1105 1106 1
1107 966 1
1107 967 1
1108 157 1
1109 1110 1
1111 797 1
1112 1113 1
1114 185 1
1115 1116 1
1116 3079 1
1117 1118 1
1119 282 1
1120 255 1
1121 631 1
1121 320 1
1122 282 1
1123 1124 1
1126 797 1
1127 1015 1
1128 1129 1
1128 1130 1
1128 1131 1
1128 1132 1
1128 1133 1
1128 1134 1
1128 2866 1
1135 1136 1
1135 1137 1
1135 1138 1
1135 1139 1
1135 1140 1
1141 1142 1
1143 885 1
1144 1145 1
1144 210 1
1146 1147 1
1148 1149 1
1148 1150 1
1149 1150 1
1151 1152 1
1151 1153 1
1151 1154 1
1151 1155 1
1151 1156 1
1151 1157 1
1158 797 1
1159 61 1
1160 1161 1
1162 1163 1
1164 130 1
1165 1166 1
1167 343 1
1168 1169 1
1170 1171 1
1172 1173 1
1174 1175 1
1174 1176 1
1174 1177 1
1175 1176 1
1175 1177 1
1178 1179 1
1180 1181 1
1183 1184 1
1185 271 1
1186 1187 1
1186 1188 1
1186 1189 1
1190 1191 1
1192 1193 1
1192 4931 1
1194 174 1
1195 268 1
1195 269 1
1196 1197 1
1198 91 1
1198 92 1
1198 93 1
1198 19 1
1199 1200 1
1201 1202 1
1203 1204 1
1203 1205 1
1204 3768 1
1204 3880 1
1204 3957 1
1204 3958 1
1204 1205 1
1204 4631 1
1206 1207 1
1206 1208 1
1206 1209 1
1206 1210 1
1206 736 1
1211 1212 1
1213 1214 1
1213 1215 1
1213 1216 1
1217 1218 1
1217 1219 1
1220 1221 1
1222 743 1
1223 1224 1
1225 1226 1
1227 1228 1
1229 1230 1
1231 52 1
1232 1233 1
1235 1236 1
1237 1238 1
1239 1240 1
1241 1007 1
1242 1243 1
1244 487 1
1245 1246 1
1247 1012 1
1248 1249 1
1248 111 1
1250 1251 1
1250 1252 1
1250 1253 1
1250 1254 1
1251 1252 1
1251 1253 1
1251 1254 1
1255 1256 1
1257 1258 1
1259 19 1
1260 157 1
1261 88 1
1262 611 1
1263 232 1
1264 1265 1
1267 1268 1
1269 1270 1
1271 994 1
1272 1273 1
1272 111 1
1274 1275 1
1276 79 1
1277 1278 1
1279 1280 1
1281 300 1
1281 301 1
1282 1283 1
1284 1129 1
1284 1459 1
1285 1286 1
1287 88 1
1288 1289 1
1288 1290 1
1292 1293 1
1292 1432 1
1292 1695 1
1294 740 1
1294 741 1
1295 1296 1
1295 740 1
1297 1298 1
1299 1300 1
1301 1302 1
1303 1304 1
1305 1306 1
1307 1308 1
1309 1106 1
1310 157 1
1311 1312 1
1313 105 1
1314 1315 1
1316 324 1
1317 177 1
1317 722 1
1318 648 1
1319 1320 1
1319 1666 1
1319 1720 1
1319 1773 1
1321 1322 1
1321 1323 1
1321 1324 1
1325 343 1
1326 1327 1
1328 1329 1
1328 1330 1
1331 1332 1
1333 19 1
1334 1335 1
1336 1337 1
1338 504 1
1339 343 1
1340 1341 1
1340 1342 1
1344 343 1
1345 1346 1
1347 1348 1
1349 384 1
1350 1351 1
1350 1352 1
1350 1431 1
1350 1498 1
1350 1741 1
1350 2037 1
1353 1354 1
1355 1356 1
1355 1357 1
1355 17 1
1358 1359 1
1360 876 1
1360 877 1
1360 878 1
1360 3314 1
1360 1630 1
1360 1631 1
1362 1363 1
1364 1365 1
1366 1367 1
1368 1369 1
1370 1371 1
1372 1373 1
1374 1375 1
1376 1377 1
1376 5154 1
1378 1346 1
1379 1380 1
1379 1381 1
1379 1382 1
1380 1381 1
1380 1382 1
1384 1385 1
1386 1387 1
1386 759 1
1388 88 1
1389 149 1
1389 150 1
1389 523 1
1390 1391 1
1392 1393 1
1394 1395 1
1394 1396 1
1397 1398 1
1399 19 1
1400 1401 1
1400 1402 1
1401 1402 1
1403 408 1
1403 1404 1
1403 1405 1
1403 1406 1
1407 232 1
1408 1409 1
1410 1411 1
1412 1413 1
1414 966 1
1415 1416 1
1417 469 1
1418 854 1
1419 1420 1
1421 117 1
1422 1423 1
1424 1425 1
1424 1426 1
1427 324 1
1428 1429 1
1428 1430 1
1434 1435 1
1436 1380 1
1436 1381 1
1436 1382 1
1437 694 1
1438 715 1
1439 1440 1
1441 1442 1
1441 1443 1
1444 19 1
1445 1446 1
1447 1448 1
1449 1450 1
1449 1614 1
1451 1452 1
1453 1454 1
1455 130 1
1456 797 1
1458 629 1
1460 1461 1
1460 1462 1
1460 1463 1
1464 177 1
1465 1466 1
1465 1467 1
1465 2083 1
1468 374 1
1469 1470 1
1469 736 1
1471 1472 1
1473 1474 1
1475 1476 1
1475 1477 1
1478 1479 1
1480 1481 1
1482 19 1
1483 1484 1
1483 1485 1
1486 1487 1
1488 130 1
1490 1491 1
1492 1493 1
1492 1494 1
1494 1493 1
1495 1496 1
1497 1322 1
1497 1323 1
1497 1324 1
1499 1500 1
1501 1442 1
1502 605 1
1502 726 1
1503 1504 1
1505 633 1
1505 634 1
1506 1032 1
1507 1508 1
1507 1509 1
1510 996 1
1511 1512 1
1513 922 1
1514 648 1
1515 1516 1
1517 1518 1
1519 1520 1
1521 421 1
1522 421 1
1523 1524 1
1525 137 1
1526 144 1
1527 232 1
1528 88 1
1529 1530 1
1529 1531 1
1529 1532 1
1529 456 1
1533 671 1
1534 1535 1
1534 4087 1
1536 922 1
1537 914 1
1537 2246 1
1537 2247 1
1537 629 1
1538 1539 1
1538 1585 1
1538 2978 1
1540 25 1
1541 296 1
1542 1543 1
1542 1544 1
1545 1546 1
1545 1547 1
1548 1549 1
1550 1551 1
1550 1552 1
1553 1554 1
1553 1555 1
1556 648 1
1557 1558 1
1557 1562 1
1557 101 1
1557 4944 1
1557 4945 1
1559 1560 1
1559 1561 1
1559 3914 1
1563 157 1
1564 1565 1
1566 1567 1
1568 324 1
1569 1570 1
1572 1573 1
1574 19 1
1575 421 1
1576 1577 1
1578 1579 1
1578 1580 1
1578 1106 1
1581 1582 1
1581 1700 1
1581 1701 1
1583 105 1
1584 374 1
1586 1587 1
1588 19 1
1589 1590 1
1591 99 1
1592 1593 1
1592 456 1
1594 1595 1
1594 1596 1
1594 1612 1
1597 1598 1
1599 157 1
1600 99 1
1601 1602 1
1603 1604 1
1605 1606 1
1605 1607 1
1605 1608 1
1605 1609 1
1610 1611 1
1613 157 1
1615 19 1
1616 1462 1
1617 185 1
1618 1619 1
1620 1621 1
1622 1623 1
1624 1625 1
1626 282 1
1627 1416 1
1628 300 1
1628 301 1
1629 1630 1
1629 1631 1
1630 1631 1
1632 1633 1
1634 30 1
1634 31 1
1635 1636 1
1635 1722 1
1637 130 1
1638 1639 1
1640 255 1
1641 1642 1
1643 1644 1
1645 1163 1
1645 1742 1
1645 1743 1
1646 130 1
1647 1648 1
1649 581 1
1650 688 1
1651 1652 1
1651 1653 1
1651 1654 1
1651 1655 1
1656 130 1
1657 1658 1
1659 1660 1
1661 1662 1
1663 1664 1
1665 232 1
1667 95 1
1668 922 1
1669 633 1
1669 634 1
1669 471 1
1670 605 1
1670 726 1
1671 343 1
1672 1673 1
1674 1675 1
1674 1676 1
1677 1678 1
1679 1680 1
1679 1681 1
1682 1683 1
1682 1684 1
1682 1685 1
1683 1684 1
1683 1685 1
1686 19 1
1687 1688 1
1687 1689 1
1687 1046 1
1687 922 1
1689 1688 1
1689 4841 1
1690 1691 1
1692 1693 1
1692 1694 1
1696 232 1
1697 1698 1
1699 966 1
1699 967 1
1702 343 1
1703 504 1
1704 1705 1
1706 343 1
1707 1708 1
1709 1710 1
1711 1450 1
1712 1713 1
1712 914 1
1714 1715 1
1714 3061 1
1716 639 1
1716 640 1
1717 1718 1
1719 605 1
1719 726 1
1723 1724 1
1725 435 1
1726 1539 1
1727 185 1
1728 19 1
1729 1730 1
1731 343 1
1731 52 1
1732 421 1
1733 328 1
1734 144 1
1735 1736 1
1737 1738 1
1739 1740 1
1739 1509 1
1744 882 1
1745 1746 1
1747 105 1
1748 1749 1
1750 523 1
1750 150 1
1750 149 1
1750 2265 1
1750 2411 1
1751 282 1
1752 1753 1
1752 1754 1
1752 1755 1
1752 1756 1
1757 1758 1
1757 1759 1
1757 1760 1
1757 1761 1
1757 1762 1
1757 1763 1
1757 1764 1
1757 1765 1
1757 1766 1
1757 1767 1
1768 1769 1
1770 1771 1
1772 736 1
1774 1775 1
1776 1777 1
1776 1778 1
1779 1780 1
1781 1782 1
1783 1784 1
1785 1786 1
1787 130 1
1788 23 1
1789 1790 1
1791 629 1
1793 421 1
1794 91 1
1794 92 1
1794 93 1
1795 19 1
1796 1797 1
1798 1799 1
1800 880 1
1801 137 1
1802 1803 1
1804 1805 1
1806 108 1
1807 1710 1
1808 19 1
1809 101 1
1810 1811 1
1812 130 1
1813 1814 1
1815 1423 1
1815 1416 1
1816 1817 1
1818 1819 1
1820 88 1
1821 1822 1
1823 1824 1
1825 504 1
1826 504 1
1827 671 1
1828 1829 1
1828 301 1
1830 1831 1
1832 19 1
1833 1834 1
1835 1836 1
1837 1838 1
1839 1840 1
1841 1842 1
1843 1844 1
1843 1606 1
1845 1846 1
1847 1848 1
1847 1849 1
1850 797 1
1851 1852 1
1851 2059 1
1853 19 1
1854 1855 1
1856 1857 1
1856 1858 1
1859 1860 1
1861 1862 1
1863 1562 1
1864 1459 1
1866 1867 1
1868 1869 1
1871 1872 1
1873 581 1
1874 1875 1
1874 1876 1
1874 1877 1
1878 1879 1
1878 1880 1
1878 1881 1
1879 1880 1
1879 1881 1
1882 1883 1
1884 1885 1
1886 135 1
1889 1890 1
1891 1892 1
1893 324 1
1894 1895 1
1896 844 1
1896 845 1
1897 914 1
1898 1899 1
1898 1900 1
1898 1901 1
1903 504 1
1904 1705 1
1905 19 1
1906 1907 1
1908 1909 1
1910 1911 1
1912 1660 1
1913 1914 1
1915 1916 1
1917 1918 1
1917 1919 1
1918 1919 1
1920 1921 1
1922 1923 1
1924 984 1
1925 1032 1
1926 1927 1
1928 1929 1
1930 232 1
1931 1932 1
1933 1934 1
1935 1936 1
1937 339 1
1938 1939 1
1940 1941 1
1942 67 1
1942 1032 1
1943 1944 1
1945 19 1
1947 1948 1
1949 1950 1
1951 1952 1
1951 1953 1
1951 1954 1
1955 1956 1
1957 1032 1
1958 1149 1
1958 1150 1
1959 91 1
1959 92 1
1959 93 1
1960 99 1
1961 374 1
1962 1088 1
1963 1964 1
1965 130 1
1966 1967 1
1968 130 1
1969 421 1
1970 736 1
1971 1972 1
1973 1974 1
1975 303 1
1976 1224 1
1977 1978 1
1979 1980 1
1979 1981 1
1982 19 1
1983 581 1
1984 1985 1
1984 1986 1
1984 1987 1
1984 922 1
1984 1988 1
1984 1989 1
1984 1990 1
1984 4736 1
1991 1992 1
1991 2118 1
1993 185 1
1994 157 1
1995 1996 1
1997 629 1
1998 530 1
1999 157 1
2000 2001 1
2002 1091 1
2003 964 1
2004 2005 1
2004 1803 1
2004 2238 1
2004 2239 1
2004 2240 1
2004 2241 1
2004 2242 1
2006 487 1
2007 2008 1
2009 2010 1
2009 2011 1
2009 2012 1
2013 2014 1
2013 2015 1
2013 2016 1
2013 2017 1
2013 2018 1
2013 2019 1
2013 2020 1
2013 2021 1
2013 2022 1
2013 2023 1
2024 2025 1
2024 2026 1
2027 2028 1
2027 2029 1
2027 2030 1
2027 792 1
2027 2031 1
2027 2032 1
2027 2033 1
2027 2034 1
2027 2035 1
2027 2036 1
2038 115 1
2039 1207 1
2039 1208 1
2039 1209 1
2039 1210 1
2040 232 1
2041 2042 1
2041 2043 1
2044 1080 1
2045 2046 1
2047 2048 1
2049 2050 1
2049 2051 1
2052 99 1
2053 421 1
2054 88 1
2055 21 1
2056 2057 1
2058 326 1
2060 95 1
2061 510 1
2062 2063 1
2064 2065 1
2066 2067 1
2068 581 1
2069 797 1
2070 2071 1
2072 2073 1
2072 2074 1
2075 1738 1
2076 1786 1
2077 2078 1
2079 2080 1
2081 939 1
2082 1348 1
2084 746 1
2084 745 1
2085 176 1
2085 177 1
2086 2087 1
2086 105 1
2088 255 1
2089 2090 1
2091 2092 1
2091 456 1
2093 534 1
2094 2095 1
2096 2097 1
2098 1106 1
2099 23 1
2100 523 1
2100 150 1
2101 2102 1
2103 2104 1
2105 2106 1
2107 2108 1
2109 2110 1
2109 2111 1
2109 2112 1
2109 2113 1
2109 2114 1
2109 2115 1
2109 2116 1
2109 2117 1
2119 2120 1
2121 458 1
2121 2182 1
2122 2123 1
2122 2124 1
2122 456 1
2125 423 1
2126 2127 1
2128 2129 1
2130 1163 1
2131 185 1
2132 2133 1
2134 300 1
2134 301 1
2135 2136 1
2137 2138 1
2137 2139 1
2137 2140 1
2137 2141 1
2142 343 1
2143 2144 1
2145 300 1
2145 301 1
2146 421 1
2147 2148 1
2149 130 1
2150 2151 1
2152 421 1
2153 2154 1
2155 67 1
2156 2157 1
2158 157 1
2159 2160 1
2161 2162 1
2163 2164 1
2165 2166 1
2165 2 1
2167 2168 1
2167 2169 1
2170 2171 1
2172 2173 1
2174 2175 1
2176 1740 1
2176 1509 1
2177 2178 1
2179 2180 1
2179 2181 1
2183 2184 1
2183 2185 1
2183 581 1
2186 2187 1
2188 117 1
2189 1892 1
2190 67 1
2191 2192 1
2193 19 1
2194 374 1
2195 585 1
2196 1746 1
2197 2198 1
2199 1736 1
2200 2201 1
2200 2202 1
2203 2204 1
2205 2206 1
2207 2208 1
2209 19 1
2210 232 1
2211 966 1
2211 967 1
2212 88 1
2213 1462 1
2214 2215 1
2214 3546 1
2216 14 1
2217 2218 1
2219 343 1
2220 2221 1
2222 1416 1
2223 1721 1
2224 2225 1
2226 2227 1
2228 636 1
2229 2230 1
2231 81 1
2232 101 1
2233 435 1
2233 2396 1
2234 487 1
2235 2236 1
2237 2005 1
2237 1803 1
2237 2238 1
2237 2239 1
2237 2240 1
2237 2241 1
2237 2242 1
2237 1508 1
2243 19 1
2244 305 1
2245 2127 1
2248 1621 1
2249 2250 1
2251 2252 1
2253 2254 1
2255 504 1
2256 2257 1
2258 423 1
2259 861 1
2260 1491 1
2261 19 1
2262 1080 1
2263 2264 1
2266 1508 1
2266 1509 1
2267 1844 1
2268 1508 1
2269 1705 1
2270 2271 1
2270 240 1
2272 2273 1
2272 2274 1
2275 1001 1
2276 2277 1
2278 88 1
2279 2280 1
2281 130 1
2282 2283 1
2284 2285 1
2284 2286 1
2287 2288 1
2287 2289 1
2290 2291 1
2292 30 1
2292 31 1
2293 1204 1
2293 1205 1
2294 534 1
2295 311 1
2296 421 1
2297 2298 1
2299 2300 1
2299 541 1
2301 19 1
2302 2303 1
2304 2305 1
2306 435 1
2307 19 1
2308 2309 1
2310 101 1
2311 1035 1
2312 174 1
2313 2314 1
2315 1080 1
2316 2317 1
2318 232 1
2319 2320 1
2321 2322 1
2323 581 1
2324 2325 1
2326 2327 1
2328 2329 1
2330 2331 1
2332 2333 1
2332 2334 1
2335 391 1
2336 421 1
2336 23 1
2337 86 1
2338 343 1
2339 2340 1
2341 2136 1
2341 23 1
2342 2343 1
2342 2344 1
2345 2346 1
2347 2348 1
2349 614 1
2349 615 1
2349 616 1
2350 2351 1
2350 2352 1
2350 2353 1
2350 2354 1
2355 2356 1
2355 2357 1
2358 1936 1
2359 2360 1
2359 2361 1
2362 2363 1
2364 88 1
2365 2366 1
2367 1163 1
2368 67 1
2369 200 1
2371 2372 1
2371 2373 1
2374 421 1
2375 1423 1
2376 2377 1
2376 2378 1
2376 2379 1
2376 2421 1
2376 2726 1
2376 2727 1
2376 2728 1
2376 2729 1
2376 2730 1
2376 2731 1
2376 2732 1
2376 2733 1
2376 2734 1
2380 444 1
2381 2382 1
2383 130 1
2383 3101 1
2384 2385 1
2386 471 1
2387 88 1
2388 487 1
2389 861 1
2390 88 1
2391 1630 1
2391 1631 1
2392 2393 1
2394 2395 1
2397 2398 1
2399 21 1
2400 2401 1
2402 2403 1
2404 2405 1
2404 2406 1
2404 111 1
2404 2787 1
2404 2148 1
2404 4623 1
2404 2192 1
2404 4708 1
2404 4750 1
2404 4911 1
2407 2408 1
2407 2409 1
2410 88 1
2412 1799 1
2413 1936 1
2414 130 1
2415 2416 1
2415 585 1
2417 2418 1
2417 2419 1
2420 1007 1
2422 2423 1
2422 2424 1
2422 1405 1
2425 2426 1
2425 922 1
2427 2428 1
2427 2029 1
2427 2033 1
2427 3423 1
2429 2430 1
2431 1380 1
2431 1381 1
2431 1382 1
2432 797 1
2434 740 1
2434 741 1
2435 743 1
2436 2437 1
2436 2438 1
2439 2440 1
2439 4530 1
2441 2442 1
2443 2444 1
2443 2445 1
2446 2447 1
2448 1283 1
2448 1280 1
2449 88 1
2450 1666 1
2451 2452 1
2453 67 1
2454 2 1
2455 1010 1
2456 67 1
2457 2458 1
2459 2460 1
2459 2461 1
2459 2462 1
2463 2464 1
2463 2465 1
2466 255 1
2467 1848 1
2467 1849 1
2468 2418 1
2468 2419 1
2469 391 1
2470 2471 1
2470 2472 1
2470 2473 1
2471 2650 1
2471 2836 1
2471 2472 1
2471 2473 1
2474 67 1
2475 61 1
2476 130 1
2477 2478 1
2479 2480 1
2481 2482 1
2483 523 1
2483 150 1
2484 861 1
2485 1373 1
2486 2487 1
2488 196 1
2488 1710 1
2489 177 1
2490 2491 1
2492 740 1
2493 2494 1
2495 504 1
2496 135 1
2497 2498 1
2499 282 1
2500 88 1
2501 2502 1
2503 2504 1
2505 2506 1
2507 2508 1
2509 2510 1
2511 19 1
2512 1221 1
2513 2514 1
2515 130 1
2516 2517 1
2516 564 1
2518 2519 1
2520 185 1
2521 982 1
2521 105 1
2522 2523 1
2524 2525 1
2526 2 1
2527 130 1
2528 2529 1
2528 2530 1
2531 2532 1
2533 339 1
2534 2535 1
2534 2536 1
2534 2537 1
2538 2539 1
2540 2028 1
2541 736 1
2542 2543 1
2544 2523 1
2545 2546 1
2547 2548 1
2549 88 1
2550 487 1
2551 2552 1
2553 2554 1
2555 2556 1
2555 2557 1
2555 2558 1
2556 2557 1
2556 2558 1
2559 268 1
2559 269 1
2560 2561 1
2562 2563 1
2564 2565 1
2566 2504 1
2567 2568 1
2569 2264 1
2570 2571 1
2572 2573 1
2572 2574 1
2572 2575 1
2572 2576 1
2572 2577 1
2572 2578 1
2572 2579 1
2580 2581 1
2580 2582 1
2582 2945 1
2583 2584 1
2583 91 1
2583 3662 1
2583 797 1
2585 1848 1
2585 1849 1
2586 504 1
2587 130 1
2588 2589 1
2590 454 1
2590 455 1
2590 456 1
2591 2592 1
2593 2594 1
2593 2595 1
2596 740 1
2596 741 1
2597 2598 1
2597 2599 1
2597 1954 1
2597 2600 1
2601 2602 1
2603 2604 1
2605 664 1
2605 2606 1
2605 2607 1
2608 1253 1
2608 2609 1
2610 2611 1
2612 1611 1
2613 2614 1
2615 2616 1
2617 2618 1
2617 2619 1
2620 2621 1
2622 2623 1
2624 1936 1
2625 130 1
2626 130 1
2627 271 1
2628 2629 1
2630 854 1
2631 99 1
2632 149 1
2633 2634 1
2635 95 1
2636 2637 1
2638 2639 1
2640 328 1
2641 2642 1
2644 67 1
2645 2646 1
2647 2648 1
2649 421 1
2650 2471 1
2650 2472 1
2650 2473 1
2651 581 1
2652 1481 1
2653 2654 1
2655 2656 1
2657 2658 1
2657 2659 1
2657 2660 1
2657 2661 1
2662 130 1
2663 2664 1
2663 2665 1
2663 2666 1
2663 2667 1
2668 2669 1
2670 504 1
2671 2672 1
2671 2673 1
2671 2674 1
2675 108 1
2676 2677 1
2678 959 1
2678 2679 1
2680 1423 1
2681 2682 1
2683 130 1
2685 2523 1
2686 130 1
2687 1611 1
2688 795 1
2689 1844 1
2690 2691 1
2693 174 1
2695 1693 1
2695 1694 1
2696 2697 1
2698 2699 1
2700 2701 1
2702 797 1
2703 2704 1
2705 2363 1
2706 130 1
2707 2708 1
2709 282 1
2710 591 1
2711 289 1
2713 2714 1
2713 2715 1
2716 585 1
2717 2718 1
2719 278 1
2720 421 1
2721 740 1
2721 741 1
2721 541 1
2722 2723 1
2724 130 1
2725 374 1
2735 2 1
2736 374 1
2737 130 1
2738 88 1
2739 2740 1
2741 797 1
2742 2743 1
2744 1088 1
2745 581 1
2746 2747 1
2748 633 1
2748 634 1
2748 471 1
2749 2750 1
2749 2751 1
2752 2753 1
2754 67 1
2755 2756 1
2755 2757 1
2758 2759 1
2758 3663 1
2760 2761 1
2762 1512 1
2763 2764 1
2763 2765 1
2763 2766 1
2767 2768 1
2769 2770 1
2769 2771 1
2772 2773 1
2774 487 1
2775 2776 1
2775 2777 1
2775 244 1
2778 633 1
2778 634 1
2779 2780 1
2781 854 1
2782 2783 1
2784 1207 1
2784 1208 1
2784 1209 1
2784 1210 1
2784 130 1
2785 2786 1
2788 2789 1
2790 2791 1
2792 208 1
2793 1302 1
2794 2795 1
2796 99 1
2797 255 1
2798 2799 1
2800 421 1
2801 2802 1
2803 2804 1
2805 2806 1
2807 2808 1
2807 2809 1
2810 797 1
2811 1202 1
2812 19 1
2813 581 1
2814 449 1
2815 2816 1
2817 844 1
2817 845 1
2818 2819 1
2820 2821 1
2820 4684 1
2822 629 1
2823 2824 1
2823 2825 1
2823 2826 1
2827 2656 1
2828 2482 1
2829 1705 1
2830 300 1
2830 301 1
2831 343 1
2832 2833 1
2834 2835 1
2837 2838 1
2839 1354 1
2840 2841 1
2840 456 1
2842 2843 1
2844 2845 1
2846 2847 1
2848 300 1
2848 301 1
2849 2850 1
2849 1028 1
2850 1028 1
2851 2852 1
2851 2853 1
2854 710 1
2855 1270 1
2856 2857 1
2856 2858 1
2859 2860 1
2861 2862 1
2863 2864 1
2863 2865 1
2867 2868 1
2869 2870 1
2869 3050 1
2871 2872 1
2873 282 1
2874 157 1
2875 391 1
2876 2877 1
2878 2879 1
2880 2881 1
2880 914 1
2882 157 1
2883 2418 1
2883 2419 1
2884 1736 1
2885 2886 1
2887 2556 1
2888 1082 1
2889 374 1
2890 2891 1
2890 2892 1
2893 2894 1
2895 1221 1
2896 2897 1
2898 2899 1
2900 2067 1
2901 2902 1
2903 914 1
2904 88 1
2905 2906 1
2905 2907 1
2908 1354 1
2909 2532 1
2909 854 1
2910 2911 1
2912 157 1
2913 2914 1
2915 2916 1
2917 2918 1
2917 2919 1
2917 2920 1
2917 2921 1
2919 2918 1
2919 2920 1
2919 2921 1
2922 19 1
2923 2924 1
2925 2926 1
2925 2927 1
2928 2594 1
2928 2595 1
2929 2 1
2930 2931 1
2930 2932 1
2930 3450 1
2933 2934 1
2935 2936 1
2937 449 1
2938 130 1
2939 1972 1
2940 19 1
2941 2942 1
2943 2944 1
2946 244 1
2946 3295 1
2946 3296 1
2946 3297 1
2946 3153 1
2946 4 1
2947 19 1
2948 19 1
2949 19 1
2950 2951 1
2952 885 1
2953 464 1
2954 2418 1
2954 2419 1
2955 271 1
2956 2957 1
2958 2959 1
2960 2961 1
2962 2963 1
2964 2965 1
2967 2968 1
2969 2970 1
2971 2972 1
2973 2974 1
2975 2976 1
2979 408 1
2980 2981 1
2982 2983 1
2984 2104 1
2985 1253 1
2985 2986 1
2987 541 1
2988 2648 1
2989 1462 1
2990 105 1
2991 583 1
2992 67 1
2993 130 1
2994 2995 1
2996 1246 1
2997 2998 1
2999 3000 1
3001 914 1
3002 3003 1
3002 3004 1
3002 3005 1
3006 3007 1
3006 3281 1
3008 1035 1
3009 1857 1
3009 1858 1
3010 766 1
3010 2648 1
3010 3689 1
3011 3012 1
3013 3014 1
3013 1855 1
3014 1855 1
3015 3016 1
3015 189 1
3015 3017 1
3015 3018 1
3019 1035 1
3020 282 1
3021 130 1
3022 3023 1
3022 3024 1
3022 3025 1
3026 88 1
3027 3028 1
3027 3029 1
3027 3030 1
3027 5312 1
3027 914 1
3031 1472 1
3032 3033 1
3034 3035 1
3034 4917 1
3036 504 1
3037 3038 1
3039 3040 1
3041 3042 1
3041 3043 1
3044 105 1
3045 421 1
3046 19 1
3047 3048 1
3047 3049 1
3048 2300 1
3051 3052 1
3051 3053 1
3054 3055 1
3056 3057 1
3058 271 1
3059 1630 1
3059 1631 1
3060 1035 1
3062 1611 1
3063 2677 1
3064 130 1
3065 1214 1
3065 1215 1
3065 1216 1
3066 200 1
3067 2127 1
3068 3069 1
3070 504 1
3071 3072 1
3073 3074 1
3075 185 1
3076 19 1
3077 3078 1
3080 3081 1
3080 3082 1
3080 3083 1
3084 3085 1
3086 2363 1
3087 3088 1
3089 3090 1
3091 3092 1
3093 3094 1
3095 3096 1
3097 3098 1
3099 922 1
3100 1246 1
3102 1184 1
3103 2692 1
3104 3105 1
3104 3106 1
3107 1106 1
3108 19 1
3109 19 1
3110 2868 1
3111 3112 1
3111 621 1
3111 3113 1
3111 67 1
3111 4089 1
3111 4691 1
3114 326 1
3115 3116 1
3117 3118 1
3119 3120 1
3119 3121 1
3119 3122 1
3119 3014 1
3119 1855 1
3120 3121 1
3120 3122 1
3123 585 1
3124 3125 1
3126 86 1
3127 3128 1
3129 3130 1
3129 3131 1
3129 3132 1
3133 579 1
3134 740 1
3134 741 1
3135 3136 1
3137 3138 1
3139 95 1
3140 3141 1
3142 1846 1
3143 3144 1
3143 3145 1
3146 3147 1
3148 88 1
3149 326 1
3150 3151 1
3150 1919 1
3152 157 1
3153 3154 1
3155 86 1
3156 3157 1
3156 3158 1
3159 3160 1
3161 1857 1
3161 1858 1
3162 504 1
3163 3164 1
3165 3166 1
3165 3167 1
3165 3168 1
3165 1855 1
3165 3169 1
3170 95 1
3171 19 1
3172 19 1
3173 374 1
3174 3175 1
3174 3176 1
3177 3178 1
3179 523 1
3179 150 1
3179 149 1
3179 2265 1
3179 2411 1
3180 236 1
3181 2416 1
3181 585 1
3182 3183 1
3184 3185 1
3186 3187 1
3188 3189 1
3190 898 1
3190 301 1
3190 899 1
3191 3192 1
3193 3194 1
3195 3196 1
3197 196 1
3198 3199 1
3200 3201 1
3202 3203 1
3204 3205 1
3206 3207 1
3208 101 1
3209 343 1
3210 117 1
3211 3212 1
3213 130 1
3214 736 1
3215 3216 1
3217 3151 1
3217 1919 1
3218 1149 1
3218 1150 1
3219 2175 1
3220 130 1
3221 1337 1
3222 3223 1
3224 3225 1
3224 3226 1
3224 3227 1
3224 3228 1
3224 3229 1
3224 3230 1
3224 3231 1
3224 3232 1
3233 797 1
3234 2616 1
3235 67 1
3236 88 1
3237 3238 1
3237 3239 1
3237 3240 1
3237 3489 1
3237 3490 1
3237 3491 1
3237 4118 1
3237 4486 1
3241 2981 1
3242 3243 1
3245 1035 1
3246 551 1
3248 3249 1
3250 135 1
3251 3252 1
3253 3254 1
3255 282 1
3256 3257 1
3258 3259 1
3258 4132 1
3260 3261 1
3262 3263 1
3264 2127 1
3264 301 1
3265 994 1
3266 232 1
3267 3268 1
3269 3270 1
3269 3271 1
3269 3272 1
3269 3273 1
3274 3275 1
3276 88 1
3277 19 1
3278 3279 1
3280 3281 1
3282 67 1
3283 3284 1
3285 3286 1
3287 19 1
3288 3048 1
3288 2300 1
3288 541 1
3288 5228 1
3288 5229 1
3288 5230 1
3289 67 1
3290 1757 1
3291 3292 1
3293 2283 1
3294 1335 1
3298 3299 1
3300 144 1
3301 633 1
3301 634 1
3302 3303 1
3304 105 1
3305 3306 1
3307 3308 1
3307 3309 1
3310 3311 1
3310 3312 1
3310 3313 1
3315 3316 1
3317 421 1
3318 740 1
3318 741 1
3319 3320 1
3322 99 1
3323 3324 1
3325 930 1
3326 3327 1
3328 3329 1
3330 2225 1
3331 3332 1
3333 149 1
3333 4619 1
3334 579 1
3335 882 1
3336 3337 1
3338 88 1
3339 421 1
3340 3341 1
3342 3343 1
3342 3344 1
3342 3345 1
3346 3347 1
3348 2648 1
3349 504 1
3349 3421 1
3350 3351 1
3352 3353 1
3354 300 1
3354 301 1
3355 3356 1
3355 2508 1
3355 928 1
3357 1676 1
3357 3358 1
3359 185 1
3360 1840 1
3361 159 1
3361 160 1
3362 3363 1
3364 3365 1
3364 3366 1
3367 3368 1
3369 797 1
3370 3371 1
3372 3373 1
3372 3374 1
3375 797 1
3376 1939 1
3377 1312 1
3378 3379 1
3380 3381 1
3380 3382 1
3383 19 1
3384 740 1
3385 99 1
3386 1644 1
3387 19 1
3388 3389 1
3388 1516 1
3390 88 1
3391 3392 1
3393 19 1
3394 130 1
3395 3396 1
3397 3398 1
3399 3400 1
3401 3402 1
3403 3404 1
3405 454 1
3405 455 1
3405 456 1
3406 23 1
3407 3408 1
3407 3409 1
3410 2506 1
3411 271 1
3412 3413 1
3414 1860 1
3415 3416 1
3415 97 1
3417 3418 1
3417 4179 1
3419 3420 1
3422 2401 1
3424 3425 1
3426 3427 1
3428 88 1
3429 52 1
3430 3431 1
3432 343 1
3433 1705 1
3434 88 1
3435 1032 1
3435 1033 1
3436 3437 1
3436 4333 1
3436 4505 1
3438 3439 1
3438 3440 1
3438 3441 1
3439 3440 1
3442 19 1
3443 3444 1
3445 3216 1
3446 2532 1
3447 185 1
3448 3449 1
3451 3452 1
3453 271 1
3454 3455 1
3454 3456 1
3457 2162 1
3458 3459 1
3458 4214 1
3460 271 1
3461 3462 1
3461 3463 1
3464 3465 1
3466 2250 1
3467 3468 1
3469 1811 1
3470 222 1
3471 3472 1
3471 3473 1
3474 3475 1
3476 3477 1
3478 423 1
3479 271 1
3480 3481 1
3480 3482 1
3483 130 1
3484 88 1
3485 343 1
3486 854 1
3487 449 1
3488 581 1
3492 3493 1
3494 3495 1
3496 3497 1
3498 454 1
3498 455 1
3498 456 1
3499 462 1
3500 3501 1
3502 3503 1
3504 3505 1
3506 88 1
3507 3508 1
3507 3509 1
3507 3510 1
3511 88 1
3512 88 1
3513 3514 1
3515 1855 1
3516 3517 1
3518 3519 1
3520 105 1
3521 2648 1
3522 2768 1
3522 3635 1
3523 1462 1
3524 581 1
3525 3526 1
3527 2464 1
3527 2465 1
3528 232 1
3529 3138 1
3530 88 1
3531 1895 1
3532 3533 1
3534 137 1
3534 3535 1
3536 2430 1
3537 3538 1
3539 95 1
3540 19 1
3541 3542 1
3541 3543 1
3544 3545 1
3547 1035 1
3548 3549 1
3550 88 1
3551 3552 1
3553 1927 1
3554 3555 1
3554 3556 1
3557 435 1
3558 132 1
3558 133 1
3559 3560 1
3561 19 1
3564 3565 1
3566 3567 1
3568 3569 1
3568 2787 1
3570 105 1
3571 585 1
3572 95 1
3573 3216 1
3575 885 1
3576 2532 1
3577 464 1
3578 3579 1
3580 1088 1
3581 3582 1
3583 3268 1
3584 3585 1
3584 4309 1
3584 4310 1
3586 3085 1
3587 1454 1
3588 534 1
3589 1385 1
3590 130 1
3591 3592 1
3593 3594 1
3595 656 1
3596 2250 1
3597 374 1
3598 3599 1
3600 19 1
3601 3602 1
3603 2221 1
3604 67 1
3605 23 1
3606 130 1
3606 4251 1
3606 4673 1
3606 484 1
3607 2264 1
3608 3609 1
3610 3611 1
3612 3613 1
3614 504 1
3615 3616 1
3615 3617 1
3615 3618 1
3619 3620 1
3619 3621 1
3619 3622 1
3619 3623 1
3619 3624 1
3619 3625 1
3619 3626 1
3619 3627 1
3619 2963 1
3628 3629 1
3630 185 1
3631 3632 1
3633 1302 1
3634 185 1
3636 3637 1
3638 88 1
3639 3640 1
3641 3642 1
3643 3644 1
3643 3645 1
3646 185 1
3647 67 1
3648 351 1
3649 1676 1
3649 3358 1
3650 3651 1
3652 3653 1
3654 130 1
3655 3656 1
3655 736 1
3655 4000 1
3657 421 1
3658 3659 1
3660 282 1
3661 591 1
3664 2118 1
3665 67 1
3666 859 1
3667 3668 1
3667 3669 1
3667 3670 1
3671 1129 1
3671 736 1
3672 3673 1
3674 3675 1
3676 3677 1
3678 185 1
3679 159 1
3679 160 1
3680 149 1
3680 150 1
3681 3682 1
3683 271 1
3684 144 1
3685 3686 1
3687 1280 1
3688 3689 1
3690 3493 1
3691 3692 1
3693 922 1
3694 95 1
3695 2480 1
3696 3697 1
3698 95 1
3699 2532 1
3699 3700 1
3701 3702 1
3703 3704 1
3705 819 1
3705 3706 1
3707 19 1
3708 514 1
3709 130 1
3710 435 1
3711 343 1
3712 3713 1
3714 3420 1
3715 3716 1
3717 3629 1
3718 3719 1
3720 99 1
3721 1462 1
3721 421 1
3722 2877 1
3723 3724 1
3725 3726 1
3727 2162 1
3728 3729 1
3730 880 1
3731 81 1
3732 3733 1
3734 326 1
3735 795 1
3736 3737 1
3738 736 1
3739 3740 1
3739 3741 1
3742 3743 1
3744 736 1
3745 391 1
3746 3747 1
3746 3748 1
3749 3750 1
3751 2090 1
3752 2556 1
3752 2557 1
3752 2558 1
3753 3754 1
3755 3756 1
3755 3757 1
3758 257 1
3759 105 1
3760 257 1
3761 130 1
3762 3763 1
3764 581 1
3765 2565 1
3766 3767 1
3769 3770 1
3771 3772 1
3773 3774 1
3775 942 1
3776 3777 1
3776 3778 1
3779 914 1
3780 2677 1
3781 130 1
3782 3783 1
3782 3784 1
3785 3786 1
3785 3787 1
3788 3789 1
3790 3791 1
3792 3793 1
3794 3795 1
3796 611 1
3796 135 1
3797 1972 1
3798 3799 1
3800 212 1
3801 3802 1
3803 99 1
3804 3805 1
3806 3807 1
3808 3809 1
3808 3810 1
3811 942 1
3812 1666 1
3813 3814 1
3813 3815 1
3813 3816 1
3817 2 1
3818 736 1
3819 309 1
3820 2770 1
3820 2771 1
3821 504 1
3822 137 1
3823 149 1
3823 150 1
3823 523 1
3824 81 1
3824 4127 1
3824 504 1
3825 3826 1
3827 3828 1
3829 88 1
3830 3831 1
3832 421 1
3833 3834 1
3833 3835 1
3833 3836 1
3837 3838 1
3839 504 1
3840 966 1
3840 967 1
3841 3842 1
3843 421 1
3844 67 1
3845 1236 1
3846 3847 1
3848 19 1
3849 3850 1
3849 3851 1
3852 1001 1
3853 3854 1
3855 3856 1
3857 3858 1
3859 3860 1
3861 3862 1
3861 3863 1
3864 2118 1
3865 2824 1
3865 2825 1
3865 2826 1
3866 2708 1
3867 3514 1
3867 3868 1
3867 4233 1
3869 157 1
3869 202 1
3870 3871 1
3870 3872 1
3873 3874 1
3873 1253 1
3873 3875 1
3873 3876 1
3877 1462 1
3878 278 1
3879 585 1
3881 3702 1
3882 3883 1
3882 2704 1
3884 3885 1
3886 374 1
3887 501 1
3888 3889 1
3888 3890 1
3891 3889 1
3891 3890 1
3892 1106 1
3893 1035 1
3894 2065 1
3895 3896 1
3897 840 1
3898 3594 1
3899 88 1
3900 391 1
3901 3902 1
3903 176 1
3903 177 1
3904 736 1
3905 3906 1
3905 3907 1
3908 3081 1
3908 3082 1
3908 3083 1
3909 3910 1
3909 3911 1
3912 130 1
3913 859 1
3915 19 1
3916 3917 1
3918 581 1
3919 3920 1
3921 534 1
3922 3923 1
3924 3284 1
3925 990 1
3926 3927 1
3928 3929 1
3930 3931 1
3932 421 1
3933 890 1
3933 891 1
3934 3935 1
3934 3936 1
3934 4246 1
3937 343 1
3938 1163 1
3939 842 1
3940 581 1
3941 3942 1
3941 3943 1
3944 2175 1
3945 3569 1
3945 2787 1
3946 3947 1
3948 3216 1
3949 3950 1
3951 3952 1
3953 3954 1
3955 3956 1
3956 4635 1
3956 4636 1
3959 3960 1
3961 1238 1
3962 3963 1
3962 4176 1
3964 3965 1
3966 3967 1
3968 3969 1
3968 4434 1
3970 3971 1
3972 3973 1
3972 244 1
3974 797 1
3975 3976 1
3975 3977 1
3976 3977 1
3978 3979 1
3980 3981 1
3982 174 1
3983 1080 1
3984 1611 1
3985 67 1
3986 282 1
3987 3763 1
3988 2768 1
3989 3990 1
3991 185 1
3992 3993 1
3992 3994 1
3992 3995 1
3996 504 1
3997 3998 1
3997 3999 1
4001 97 1
4002 4003 1
4004 1335 1
4004 2753 1
4005 2532 1
4006 2246 1
4006 914 1
4006 2247 1
4006 629 1
4007 4008 1
4007 4009 1
4010 1106 1
4011 4012 1
4013 629 1
4014 4015 1
4016 4017 1
4018 4019 1
4020 4021 1
4022 4023 1
4024 1666 1
4025 4026 1
4027 421 1
4028 19 1
4029 4030 1
4031 4032 1
4031 4033 1
4031 4034 1
4031 2464 1
4035 4036 1
4037 2965 1
4038 4039 1
4040 4041 1
4042 4043 1
4044 435 1
4044 4045 1
4046 4047 1
4048 99 1
4049 4050 1
4051 4052 1
4051 4053 1
4054 4055 1
4056 4057 1
4056 4058 1
4059 2556 1
4059 4709 1
4059 4097 1
4059 3025 1
4060 130 1
4061 2494 1
4062 4063 1
4062 4064 1
4065 504 1
4066 4067 1
4068 1865 1
4069 2963 1
4070 4071 1
4070 4072 1
4073 339 1
4074 2 1
4075 4076 1
4077 4078 1
4079 4080 1
4081 435 1
4082 454 1
4082 455 1
4082 456 1
4083 4084 1
4083 4085 1
4086 130 1
4088 629 1
4090 391 1
4091 4092 1
4091 4093 1
4094 4095 1
4096 4097 1
4096 3025 1
4096 196 1
4098 67 1
4099 4100 1
4101 1176 1
4102 4103 1
4104 4105 1
4106 2447 1
4107 504 1
4108 4109 1
4110 910 1
4110 194 1
4110 914 1
4111 2616 1
4112 4113 1
4112 4114 1
4112 144 1
4112 4115 1
4116 581 1
4117 19 1
4119 157 1
4120 4121 1
4120 5033 1
4120 5034 1
4122 1224 1
4123 1660 1
4124 4125 1
4126 88 1
4128 130 1
4129 159 1
4129 160 1
4130 1442 1
4130 1443 1
4131 1666 1
4133 4134 1
4133 4135 1
4136 99 1
4137 4138 1
4139 939 1
4140 4141 1
4140 899 1
4142 4143 1
4144 309 1
4145 882 1
4146 391 1
4147 534 1
4148 4149 1
4150 4151 1
4150 4152 1
4153 4154 1
4153 4155 1
4153 4776 1
4156 4157 1
4158 309 1
4159 4160 1
4161 374 1
4162 4163 1
4164 4165 1
4166 2148 1
4167 4168 1
4169 984 1
4170 808 1
4171 4172 1
4173 3116 1
4174 132 1
4174 133 1
4175 1088 1
4177 4178 1
4177 376 1
4180 374 1
4181 1598 1
4182 2768 1
4183 4184 1
4185 4186 1
4187 1489 1
4188 4189 1
4190 4191 1
4192 1413 1
4193 1202 1
4194 23 1
4195 4196 1
4197 1883 1
4198 144 1
4199 130 1
4200 2401 1
4201 4202 1
4202 130 1
4203 1423 1
4204 159 1
4204 160 1
4205 1032 1
4206 4207 1
4206 4208 1
4209 3856 1
4210 67 1
4211 4212 1
4213 3763 1
4215 4216 1
4217 282 1
4218 4219 1
4218 4220 1
4218 4221 1
4222 740 1
4222 741 1
4223 343 1
4223 2010 1
4223 2011 1
4223 2012 1
4224 19 1
4225 4226 1
4227 1348 1
4228 4229 1
4230 4231 1
4232 1462 1
4234 4235 1
4236 581 1
4237 4238 1
4239 374 1
4240 1771 1
4240 3398 1
4240 2532 1
4241 4242 1
4243 2162 1
4244 374 1
4245 88 1
4247 869 1
4248 4249 1
4250 1454 1
4252 2565 1
4253 996 1
4254 421 1
4255 2604 1
4256 19 1
4257 4258 1
4259 3116 1
4260 1001 1
4261 4262 1
4263 4264 1
4265 4266 1
4267 4268 1
4269 4270 1
4271 4272 1
4273 1361 1
4274 3398 1
4275 4276 1
4275 4277 1
4278 4279 1
4280 2532 1
4281 130 1
4282 4283 1
4282 4284 1
4282 111 1
4282 4285 1
4282 4286 1
4287 740 1
4287 741 1
4288 4289 1
4288 4290 1
4291 130 1
4292 4293 1
4294 4295 1
4296 551 1
4297 4298 1
4299 391 1
4300 4301 1
4302 2918 1
4302 2919 1
4302 2920 1
4302 2921 1
4303 1450 1
4304 130 1
4305 4306 1
4307 4308 1
4311 4312 1
4313 242 1
4314 4315 1
4314 4316 1
4314 4317 1
4314 4318 1
4314 4319 1
4320 4321 1
4322 880 1
4323 282 1
4324 4325 1
4326 1630 1
4326 1631 1
4327 880 1
4328 740 1
4328 741 1
4329 4330 1
4331 740 1
4331 741 1
4332 2250 1
4334 157 1
4335 185 1
4336 3472 1
4336 3473 1
4337 966 1
4337 967 1
4338 374 1
4340 4341 1
4342 4343 1
4344 1676 1
4344 3358 1
4345 3275 1
4346 374 1
4347 464 1
4348 2821 1
4349 423 1
4350 1442 1
4350 1443 1
4351 99 1
4352 1611 1
4353 629 1
4354 1472 1
4355 4356 1
4357 4358 1
4359 130 1
4360 4361 1
4362 4363 1
4364 4365 1
4366 471 1
4366 633 1
4366 634 1
4367 4368 1
4369 52 1
4370 4371 1
4370 4372 1
4373 4374 1
4375 67 1
4376 4377 1
4376 4378 1
4379 4380 1
4381 3538 1
4381 922 1
4382 1462 1
4383 4384 1
4383 3344 1
4385 510 1
4386 130 1
4387 91 1
4388 130 1
4389 4390 1
4391 137 1
4392 117 1
4393 4394 1
4395 130 1
4396 343 1
4397 2065 1
4398 4113 1
4398 4114 1
4398 144 1
4398 4115 1
4398 435 1
4398 5197 1
4399 4400 1
4401 1911 1
4402 4403 1
4404 1106 1
4405 421 1
4406 88 1
4407 391 1
4408 378 1
4409 678 1
4410 19 1
4411 715 1
4412 374 1
4413 421 1
4414 3838 1
4415 88 1
4416 2506 1
4417 435 1
4418 797 1
4419 1116 1
4420 4421 1
4422 3284 1
4423 423 1
4424 202 1
4425 4426 1
4427 4428 1
4427 4429 1
4427 4430 1
4431 3533 1
4432 2957 1
4433 3920 1
4435 2416 1
4435 585 1
4436 4437 1
4436 301 1
4438 130 1
4439 4440 1
4439 4441 1
4442 4443 1
4444 799 1
4445 715 1
4446 591 1
4447 3413 1
4448 449 1
4449 4450 1
4449 4451 1
4452 99 1
4453 4454 1
4455 1675 1
4455 1676 1
4456 1457 1
4457 4458 1
4459 2918 1
4459 2919 1
4459 2920 1
4459 2921 1
4460 157 1
4461 4462 1
4463 4015 1
4464 1363 1
4465 836 1
4466 808 1
4466 914 1
4467 2162 1
4468 3055 1
4469 4470 1
4469 4471 1
4469 4472 1
4473 4474 1
4475 4476 1
4477 1450 1
4478 4479 1
4480 19 1
4481 4482 1
4483 4484 1
4483 456 1
4483 2600 1
4485 991 1
4487 4488 1
4489 4490 1
4491 4492 1
4493 88 1
4494 4495 1
4496 4497 1
4498 1413 1
4499 391 1
4500 3702 1
4502 3033 1
4503 2618 1
4503 2619 1
4504 629 1
4506 4507 1
4506 4508 1
4509 966 1
4509 967 1
4510 918 1
4510 914 1
4511 91 1
4511 92 1
4511 93 1
4512 1892 1
4513 3281 1
4514 1860 1
4515 518 1
4515 519 1
4516 4517 1
4516 4650 1
4518 4519 1
4520 99 1
4521 4522 1
4523 4524 1
4523 4525 1
4526 4527 1
4528 4529 1
4531 4532 1
4531 4533 1
4534 3191 1
4534 3192 1
4534 4535 1
4536 4537 1
4536 2090 1
4538 1883 1
4539 4540 1
4541 2656 1
4542 4543 1
4544 3549 1
4545 939 1
4546 343 1
4547 185 1
4548 1179 1
4549 67 1
4550 4551 1
4550 4552 1
4553 797 1
4554 4555 1
4554 4556 1
4557 4558 1
4559 67 1
4560 4561 1
4560 4562 1
4560 1240 1
4560 4563 1
4564 4565 1
4566 88 1
4567 4568 1
4569 4570 1
4571 105 1
4572 581 1
4573 421 1
4574 278 1
4575 4576 1
4577 4578 1
4579 67 1
4580 3954 1
4581 3538 1
4582 3158 1
4582 4583 1
4584 4585 1
4586 2833 1
4587 3138 1
4588 4589 1
4588 780 1
4590 4591 1
4592 1508 1
4592 1509 1
4593 715 1
4594 4595 1
4596 4597 1
4598 969 1
4598 240 1
4599 947 1
4599 374 1
4600 185 1
4601 101 1
4602 2166 1
4603 4462 1
4604 4605 1
4606 1786 1
4607 95 1
4608 4609 1
4610 4611 1
4612 4497 1
4613 922 1
4614 4615 1
4614 2963 1
4616 736 1
4617 95 1
4618 4619 1
4620 4621 1
4622 581 1
4624 1015 1
4625 4626 1
4627 289 1
4628 4629 1
4630 2804 1
4632 4633 1
4632 4634 1
4637 534 1
4638 914 1
4639 2385 1
4640 19 1
4641 343 1
4642 4643 1
4642 4644 1
4645 91 1
4645 92 1
4645 93 1
4646 4647 1
4648 4649 1
4651 2589 1
4652 300 1
4652 301 1
4653 4654 1
4655 882 1
4656 4657 1
4658 3487 1
4659 19 1
4660 581 1
4661 95 1
4662 374 1
4663 629 1
4664 4665 1
4666 4667 1
4668 130 1
4669 4670 1
4671 4672 1
4671 4682 1
4674 4675 1
4676 4677 1
4676 4678 1
4679 4680 1
4679 4681 1
4679 5131 1
4683 423 1
4685 4686 1
4687 4688 1
4687 4689 1
4690 67 1
4692 4693 1
4692 4694 1
4695 421 1
4696 1202 1
4697 715 1
4698 4699 1
4700 4701 1
4702 2751 1
4703 1462 1
4704 701 1
4705 4706 1
4705 5208 1
4707 3979 1
4710 1082 1
4711 4712 1
4711 456 1
4713 115 1
4713 4714 1
4715 1207 1
4715 1208 1
4715 1209 1
4715 1210 1
4716 52 1
4717 88 1
4718 278 1
4719 19 1
4720 882 1
4721 701 1
4722 137 1
4723 581 1
4724 1080 1
4725 271 1
4726 4727 1
4728 4729 1
4728 4730 1
4731 339 1
4732 4733 1
4734 4735 1
4737 4738 1
4739 4740 1
4741 309 1
4742 4743 1
4744 4745 1
4746 3144 1
4747 4748 1
4747 4749 1
4751 130 1
4752 88 1
4753 701 1
4754 282 1
4755 4756 1
4757 4758 1
4759 300 1
4759 301 1
4760 4761 1
4760 3079 1
4762 1512 1
4763 876 1
4763 877 1
4763 878 1
4764 19 1
4765 836 1
4766 4767 1
4768 19 1
4769 671 1
4770 4771 1
4772 591 1
4773 4774 1
4773 4775 1
4777 4778 1
4779 69 1
4780 1512 1
4781 4782 1
4783 159 1
4783 160 1
4784 564 1
4785 99 1
4786 4787 1
4786 4788 1
4786 4789 1
4786 4790 1
4791 4792 1
4793 4794 1
4795 95 1
4796 4797 1
4798 4799 1
4800 1544 1
4801 157 1
4802 3545 1
4803 4804 1
4805 1093 1
4806 4807 1
4808 4809 1
4810 4811 1
4812 3462 1
4812 244 1
4812 1129 1
4812 4813 1
4814 157 1
4815 177 1
4816 177 1
4816 722 1
4817 105 1
4818 4819 1
4820 4821 1
4822 174 1
4823 1865 1
4823 736 1
4824 110 1
4824 111 1
4825 4826 1
4827 1676 1
4827 3358 1
4828 1909 1
4829 3979 1
4830 836 1
4831 3416 1
4831 5025 1
4831 5026 1
4832 2656 1
4833 1693 1
4833 1694 1
4834 157 1
4835 3164 1
4836 629 1
4837 423 1
4838 4839 1
4840 1911 1
4842 4843 1
4844 922 1
4845 4846 1
4847 19 1
4848 1676 1
4848 3358 1
4849 343 1
4850 4851 1
4852 88 1
4853 101 1
4854 1457 1
4854 2523 1
4855 23 1
4856 130 1
4857 4858 1
4857 4859 1
4860 2305 1
4861 271 1
4862 130 1
4863 4864 1
4863 4971 1
4863 4972 1
4863 4973 1
4865 4866 1
4867 4529 1
4868 4869 1
4868 4870 1
4868 4871 1
4872 23 1
4873 2894 1
4874 4875 1
4874 4876 1
4877 4878 1
4877 4879 1
4877 4880 1
4881 157 1
4882 4883 1
4884 740 1
4884 741 1
4885 3902 1
4886 3594 1
4887 4888 1
4889 130 1
4890 456 1
4890 244 1
4890 4891 1
4890 4892 1
4890 914 1
4890 3473 1
4893 88 1
4894 4895 1
4896 4897 1
4898 4899 1
4898 4900 1
4898 4901 1
4902 3164 1
4904 4905 1
4906 3398 1
4907 4908 1
4907 4909 1
4907 4910 1
4912 3299 1
4913 4358 1
4914 19 1
4915 763 1
4916 88 1
4918 4919 1
4920 421 1
4921 157 1
4922 4897 1
4923 130 1
4924 671 1
4925 2 1
4926 4927 1
4928 914 1
4929 244 1
4929 4930 1
4932 343 1
4933 19 1
4934 2532 1
4935 4936 1
4935 4937 1
4938 1892 1
4939 1865 1
4939 736 1
4940 4941 1
4942 4943 1
4946 1883 1
4947 4948 1
4949 581 1
4950 2087 1
4951 4952 1
4951 4979 1
4951 4995 1
4951 5007 1
4951 5039 1
4951 5089 1
4953 939 1
4954 4955 1
4956 23 1
4957 4958 1
4957 3185 1
4957 4959 1
4960 4961 1
4962 4050 1
4963 4964 1
4965 2780 1
4966 4967 1
4968 4969 1
4970 2581 1
4970 2582 1
4974 67 1
4975 4976 1
4975 194 1
4977 196 1
4978 1927 1
4980 2416 1
4980 585 1
4981 4982 1
4983 421 1
4984 4985 1
4986 4987 1
4988 3351 1
4989 4969 1
4990 736 1
4991 4897 1
4992 585 1
4993 130 1
4994 2 1
4996 177 1
4996 722 1
4997 4998 1
4997 4999 1
5000 5001 1
5000 1028 1
5002 282 1
5003 2 1
5004 23 1
5005 326 1
5006 67 1
5008 5009 1
5010 3594 1
5011 1848 1
5011 1849 1
5012 130 1
5013 5014 1
5013 5015 1
5013 5205 1
5016 343 1
5017 282 1
5018 5019 1
5018 144 1
5020 25 1
5022 4289 1
5022 4290 1
5023 135 1
5024 88 1
5027 5028 1
5029 1341 1
5030 5031 1
5030 5032 1
5035 5036 1
5037 115 1
5037 4714 1
5038 1678 1
5040 130 1
5041 130 1
5042 4670 1
5043 1543 1
5043 1544 1
5044 130 1
5045 5046 1
5045 5047 1
5048 2616 1
5049 282 1
5050 629 1
5051 5052 1
5053 5054 1
5055 861 1
5056 5057 1
5058 797 1
5059 5060 1
5061 19 1
5062 1163 1
5063 326 1
5064 740 1
5064 741 1
5065 5066 1
5065 5067 1
5065 5068 1
5065 4238 1
5069 3138 1
5070 5071 1
5072 5073 1
5074 581 1
5075 1688 1
5075 1689 1
5075 1046 1
5075 922 1
5076 5077 1
5078 5079 1
5080 2403 1
5081 5082 1
5081 2111 1
5083 1385 1
5084 137 1
5084 3535 1
5085 5086 1
5087 3871 1
5087 3872 1
5088 1865 1
5090 2162 1
5091 5092 1
5093 5094 1
5093 5095 1
5096 5097 1
5098 5099 1
5100 1202 1
5101 421 1
5102 4941 1
5103 629 1
5104 5105 1
5106 953 1
5107 157 1
5108 130 1
5109 2418 1
5109 2419 1
5110 4609 1
5111 5112 1
5111 5113 1
5111 5114 1
5111 5115 1
5111 5116 1
5111 5117 1
5111 5118 1
5119 149 1
5120 5121 1
5120 5122 1
5120 5123 1
5124 130 1
5125 88 1
5126 4105 1
5127 3275 1
5128 130 1
5129 5130 1
5132 5133 1
5134 5135 1
5136 95 1
5137 19 1
5138 5139 1
5140 2264 1
5141 5142 1
5143 5144 1
5143 5145 1
5146 5147 1
5148 5149 1
5150 343 1
5151 5152 1
5153 157 1
5155 2552 1
5156 5157 1
5158 5159 1
5158 5160 1
5161 5162 1
5161 5163 1
5164 2556 1
5165 5166 1
5167 671 1
5168 391 1
5169 5170 1
5169 5171 1
5169 5172 1
5169 5173 1
5169 5174 1
5169 757 1
5169 5175 1
5176 19 1
5177 5178 1
5179 1508 1
5179 1509 1
5180 88 1
5181 19 1
5182 797 1
5183 2581 1
5183 2582 1
5184 5185 1
5184 5186 1
5187 177 1
5187 722 1
5188 736 1
5189 1675 1
5189 1676 1
5190 5191 1
5192 19 1
5193 421 1
5194 52 1
5195 5196 1
5195 2787 1
5198 1512 1
5199 95 1
5200 5201 1
5202 5203 1
5202 5204 1
5206 5166 1
5207 185 1
5209 421 1
5210 282 1
5211 2173 1
5212 5213 1
5214 547 1
5215 5216 1
5217 19 1
5218 5219 1
5220 2508 1
5221 5222 1
5223 301 1
5223 899 1
5224 19 1
5225 5226 1
5227 324 1
5231 5232 1
5233 130 1
5234 5235 1
5236 1865 1
5237 88 1
5238 5239 1
5240 5241 1
5240 5242 1
5243 309 1
5244 99 1
5245 2 1
5245 914 1
5246 311 1
5247 5248 1
5249 5250 1
5251 1512 1
5252 5253 1
5254 130 1
5255 130 1
5256 3425 1
5257 882 1
5258 5259 1
5260 174 1
5261 5262 1
5261 456 1
5263 4097 1
5263 3025 1
5263 135 1
5264 88 1
5265 278 1
5266 5267 1
5266 5268 1
5269 5270 1
5271 1512 1
5272 4866 1
5273 5274 1
5273 877 1
5275 740 1
5275 741 1
5276 5277 1
5276 5278 1
5279 177 1
5279 722 1
5280 671 1
5281 5282 1
5281 5283 1
5284 5285 1
5286 2148 1
5287 581 1
5288 5289 1
5290 391 1
5291 300 1
5291 301 1
5292 5293 1
5294 88 1
5295 391 1
5296 1512 1
5297 5298 1
5299 5300 1
5299 5301 1
5299 5302 1
5303 196 1
5304 2556 1
5305 3704 1
5306 5307 1
5306 5308 1
5309 5310 1
5311 523 1
5311 150 1
5313 19 1
5314 5315 1
5316 23 1
5317 1202 1
5318 5319 1
5320 3850 1
5320 3851 1
5321 19 1
5322 581 1
5323 196 1
5324 1840 1
5325 5326 1
5325 5327 1
5325 5328 1
5325 5329 1
5330 19 1
5331 19 1
5332 5333 1
5334 1736 1
5335 2780 1
5336 1337 1
5337 5338 1
5337 5339 1
5337 5340 1
5337 2927 1
5337 5359 1
5337 5360 1
5341 99 1
5342 5343 1
5342 4151 1
5344 2048 1
5345 2804 1
5346 5154 1
5347 5348 1
5349 4883 1
5349 736 1
5350 2 1
5352 1892 1
5353 5354 1
5353 4114 1
5355 5356 1
5357 435 1
5358 3677 1
5361 5362 1
5361 5363 1
5364 244 1
5365 176 1
5365 177 1
5366 5367 1
5366 5368 1
5369 2418 1
5369 2419 1
5370 5371 1
5372 5373 1
5374 908 1
5375 4609 1
5376 1348 1
5377 471 1
5378 135 1
5379 5380 1
5381 4976 1
5382 185 1
5383 1676 1
5383 3358 1
5384 5385 1
5386 581 1
5387 185 1
5388 5389 1
5390 3838 1
5391 5392 1
5393 5394 1
5395 2214 1
5396 5397 1
5398 5399 1
5398 5400 1
