1 2 1
1 17 1
1 19 1
1 53 1
1 59 1
1 60 1
1 5 1
1 61 1
1 49 1
1 14 1
1 7 1
2 1 1
2 3 1
2 4 1
2 5 1
2 6 1
2 7 1
3 23 1
3 27 1
3 47 1
3 5 1
3 48 1
4 95 1
4 118 1
4 39 1
4 61 1
4 31 1
4 88 1
4 124 1
5 13 1
5 103 1
5 126 1
5 87 1
5 104 1
5 107 1
5 63 1
5 77 1
5 88 1
5 90 1
5 32 1
5 120 1
5 121 1
6 1 1
6 8 1
6 3 1
6 57 1
6 5 1
6 13 1
6 116 1
6 16 1
7 115 1
7 51 1
8 33 1
8 19 1
8 47 1
8 60 1
8 13 1
8 50 1
8 62 1
8 15 1
9 8 1
9 10 1
9 11 1
9 12 1
9 13 1
9 6 1
9 14 1
9 15 1
9 16 1
10 9 1
10 33 1
10 19 1
10 24 1
10 35 1
10 26 1
10 27 1
10 60 1
10 13 1
11 24 1
11 60 1
11 13 1
11 56 1
11 16 1
12 9 1
12 8 1
12 54 1
12 35 1
12 13 1
12 6 1
12 15 1
13 98 1
13 85 1
13 103 1
13 87 1
13 104 1
13 107 1
13 63 1
13 77 1
13 88 1
13 119 1
13 90 1
13 79 1
13 96 1
13 32 1
13 120 1
13 121 1
14 24 1
14 113 1
14 130 1
15 115 1
15 119 1
16 11 1
16 25 1
16 35 1
16 60 1
16 101 1
16 13 1
16 40 1
16 102 1
16 63 1
16 105 1
17 1 1
17 21 1
17 44 1
17 45 1
17 37 1
18 17 1
18 19 1
18 20 1
18 21 1
18 22 1
18 23 1
18 24 1
18 25 1
18 26 1
18 27 1
18 28 1
18 29 1
18 30 1
18 4 1
18 31 1
18 32 1
19 24 1
19 35 1
19 47 1
19 5 1
19 48 1
19 49 1
19 50 1
19 51 1
19 32 1
20 47 1
20 60 1
20 63 1
21 42 1
21 43 1
21 17 1
21 33 1
21 19 1
21 46 1
21 64 1
21 37 1
22 2 1
22 17 1
22 45 1
22 23 1
22 25 1
22 26 1
22 27 1
22 5 1
22 49 1
22 31 1
22 6 1
23 18 1
23 24 1
23 25 1
23 26 1
23 47 1
24 23 1
24 35 1
24 27 1
24 60 1
25 24 1
25 35 1
25 27 1
25 60 1
25 69 1
26 23 1
26 25 1
26 27 1
27 24 1
27 35 1
27 26 1
28 23 1
28 25 1
28 35 1
28 26 1
28 60 1
28 36 1
29 24 1
29 25 1
29 35 1
29 27 1
29 47 1
29 70 1
29 28 1
30 2 1
30 19 1
30 1 1
30 25 1
30 5 1
30 62 1
31 76 1
32 5 1
32 13 1
32 121 1
33 34 1
33 19 1
33 8 1
33 21 1
33 46 1
33 37 1
34 33 1
34 19 1
34 21 1
34 10 1
34 24 1
34 25 1
34 35 1
34 26 1
34 27 1
34 36 1
34 29 1
34 37 1
34 38 1
34 39 1
34 40 1
35 23 1
35 25 1
35 26 1
35 47 1
35 69 1
36 34 1
36 25 1
36 27 1
36 70 1
36 28 1
36 29 1
36 6 1
36 14 1
36 7 1
37 34 1
37 33 1
37 19 1
37 64 1
38 47 1
38 60 1
38 83 1
38 98 1
38 84 1
38 99 1
38 117 1
38 56 1
38 104 1
38 107 1
38 63 1
38 88 1
38 108 1
38 32 1
38 120 1
38 121 1
39 23 1
39 24 1
39 49 1
39 50 1
39 126 1
39 127 1
39 14 1
39 32 1
39 120 1
39 121 1
40 23 1
40 24 1
40 62 1
40 32 1
40 120 1
40 121 1
41 42 1
41 17 1
41 21 1
41 57 1
41 48 1
41 58 1
42 41 1
43 21 1
44 17 1
44 41 1
44 45 1
45 17 1
45 66 1
46 9 1
46 43 1
46 8 1
46 53 1
46 21 1
46 12 1
46 6 1
47 23 1
47 26 1
48 19 1
48 3 1
48 23 1
48 35 1
48 27 1
48 47 1
48 60 1
48 5 1
48 121 1
49 23 1
49 25 1
49 35 1
49 48 1
49 107 1
49 63 1
49 127 1
49 119 1
49 129 1
49 130 1
49 120 1
50 23 1
50 25 1
50 35 1
50 28 1
50 56 1
50 107 1
50 63 1
50 127 1
50 129 1
50 130 1
50 32 1
50 120 1
51 23 1
51 49 1
51 50 1
52 43 1
52 53 1
52 54 1
52 11 1
52 55 1
52 48 1
52 56 1
53 9 1
53 17 1
53 19 1
53 64 1
53 37 1
53 13 1
54 33 1
54 19 1
55 24 1
55 47 1
55 60 1
55 57 1
55 13 1
55 56 1
56 24 1
56 47 1
56 13 1
56 61 1
56 32 1
57 3 1
57 23 1
57 47 1
57 5 1
57 48 1
58 113 1
59 1 1
59 53 1
59 21 1
59 45 1
59 64 1
59 37 1
60 24 1
60 27 1
61 9 1
61 1 1
61 8 1
61 11 1
61 57 1
61 72 1
61 83 1
61 94 1
61 98 1
61 117 1
61 76 1
61 86 1
61 4 1
61 101 1
61 5 1
61 13 1
61 48 1
61 56 1
61 31 1
61 102 1
61 108 1
61 115 1
61 128 1
62 23 1
62 113 1
62 129 1
63 5 1
63 13 1
63 87 1
63 107 1
64 17 1
64 33 1
64 19 1
64 23 1
64 5 1
65 33 1
65 53 1
65 10 1
65 64 1
65 37 1
66 45 1
67 33 1
67 19 1
67 46 1
68 67 1
69 60 1
70 9 1
70 35 1
70 26 1
70 36 1
70 28 1
70 29 1
70 12 1
70 50 1
70 6 1
70 62 1
70 15 1
71 42 1
71 1 1
71 53 1
71 44 1
71 30 1
72 60 1
72 73 1
72 74 1
72 75 1
72 76 1
72 48 1
72 39 1
72 40 1
72 31 1
72 77 1
72 78 1
72 79 1
72 14 1
72 80 1
72 81 1
72 82 1
73 74 1
73 31 1
73 77 1
74 60 1
74 73 1
74 87 1
74 107 1
74 63 1
74 77 1
74 88 1
74 108 1
75 60 1
75 72 1
75 94 1
75 95 1
75 48 1
75 87 1
75 104 1
75 107 1
75 77 1
75 109 1
75 119 1
75 32 1
75 120 1
75 121 1
75 82 1
76 40 1
76 104 1
76 122 1
77 13 1
77 87 1
77 104 1
78 108 1
80 73 1
80 31 1
80 104 1
80 109 1
81 25 1
81 72 1
81 74 1
81 40 1
81 104 1
81 96 1
81 62 1
81 116 1
82 60 1
82 48 1
82 104 1
82 77 1
82 32 1
82 120 1
83 47 1
83 84 1
83 85 1
83 38 1
83 86 1
83 56 1
83 39 1
83 40 1
83 87 1
83 88 1
83 89 1
83 90 1
83 62 1
83 91 1
83 92 1
83 93 1
84 102 1
84 88 1
85 47 1
85 84 1
85 87 1
85 104 1
85 107 1
85 63 1
85 77 1
85 88 1
85 109 1
85 16 1
86 39 1
86 40 1
86 87 1
86 78 1
86 123 1
87 88 1
88 87 1
88 123 1
89 63 1
91 102 1
91 88 1
91 113 1
91 108 1
91 93 1
92 35 1
92 83 1
92 85 1
92 117 1
92 40 1
92 107 1
92 63 1
92 90 1
92 105 1
92 14 1
92 16 1
93 47 1
93 60 1
93 56 1
93 87 1
93 88 1
93 32 1
93 120 1
94 18 1
94 60 1
94 95 1
94 75 1
94 4 1
94 39 1
94 40 1
94 31 1
94 87 1
94 89 1
94 96 1
94 97 1
95 74 1
95 31 1
95 87 1
95 110 1
97 31 1
97 109 1
97 108 1
97 115 1
98 54 1
98 47 1
98 99 1
98 100 1
98 38 1
98 101 1
98 39 1
98 40 1
98 102 1
98 103 1
98 104 1
98 78 1
98 105 1
98 106 1
99 85 1
99 100 1
99 102 1
99 104 1
100 99 1
100 101 1
100 13 1
100 61 1
100 102 1
100 109 1
100 108 1
100 115 1
100 106 1
100 16 1
101 99 1
101 100 1
101 40 1
101 61 1
101 102 1
101 77 1
101 108 1
101 125 1
102 86 1
103 5 1
103 13 1
103 107 1
103 77 1
103 119 1
103 105 1
103 15 1
103 120 1
104 77 1
106 85 1
106 102 1
106 77 1
106 108 1
106 115 1
107 38 1
107 5 1
107 13 1
107 104 1
107 63 1
107 131 1
110 35 1
110 60 1
110 95 1
110 5 1
110 48 1
110 61 1
110 87 1
110 88 1
110 122 1
110 121 1
111 3 1
111 73 1
111 76 1
111 48 1
111 31 1
111 109 1
111 108 1
111 80 1
112 83 1
112 84 1
112 40 1
112 61 1
112 102 1
112 113 1
112 109 1
112 108 1
112 91 1
113 48 1
113 56 1
114 47 1
114 74 1
114 76 1
114 4 1
114 39 1
114 61 1
114 107 1
114 63 1
114 108 1
114 115 1
114 116 1
115 120 1
116 3 1
116 25 1
116 47 1
116 29 1
116 5 1
116 39 1
117 85 1
117 38 1
117 86 1
117 101 1
117 61 1
117 107 1
117 109 1
117 115 1
117 106 1
117 92 1
118 57 1
118 95 1
118 4 1
118 5 1
118 61 1
118 31 1
118 109 1
118 108 1
118 115 1
118 97 1
119 19 1
119 24 1
119 75 1
119 49 1
119 50 1
119 131 1
120 5 1
120 13 1
121 5 1
121 13 1
121 126 1
121 87 1
121 32 1
126 5 1
126 13 1
126 87 1
126 63 1
126 88 1
126 115 1
126 51 1
126 96 1
126 32 1
126 121 1
127 19 1
127 63 1
128 23 1
128 47 1
128 99 1
128 13 1
128 56 1
128 87 1
128 104 1
128 77 1
128 122 1
128 123 1
129 23 1
129 38 1
129 49 1
129 50 1
129 127 1
129 120 1
130 24 1
130 49 1
130 50 1
130 32 1
131 107 1
131 63 1
