1 2 1
1 17 1
1 59 1
1 71 1
1 30 1
1 61 1
1 6 1
2 1 1
2 22 1
2 30 1
3 2 1
3 57 1
3 111 1
3 48 1
3 6 1
3 116 1
4 2 1
4 18 1
4 94 1
4 114 1
4 118 1
4 61 1
5 2 1
5 19 1
5 1 1
5 22 1
5 3 1
5 30 1
5 64 1
5 57 1
5 118 1
5 48 1
5 61 1
5 6 1
5 103 1
5 126 1
5 107 1
5 63 1
5 32 1
5 120 1
5 121 1
5 116 1
5 110 1
6 2 1
6 9 1
6 22 1
6 70 1
6 36 1
6 46 1
6 12 1
7 2 1
7 1 1
7 36 1
8 9 1
8 33 1
8 46 1
8 12 1
8 61 1
8 6 1
9 53 1
9 10 1
9 70 1
9 46 1
9 12 1
9 61 1
10 9 1
10 34 1
10 65 1
11 9 1
11 52 1
11 61 1
11 16 1
12 9 1
12 70 1
12 46 1
13 9 1
13 8 1
13 53 1
13 10 1
13 11 1
13 12 1
13 55 1
13 100 1
13 5 1
13 56 1
13 61 1
13 6 1
13 103 1
13 126 1
13 107 1
13 63 1
13 77 1
13 32 1
13 120 1
13 121 1
13 16 1
13 128 1
14 9 1
14 1 1
14 36 1
14 72 1
14 39 1
14 92 1
15 9 1
15 8 1
15 70 1
15 12 1
15 103 1
16 9 1
16 11 1
16 85 1
16 100 1
16 6 1
16 92 1
17 18 1
17 41 1
17 1 1
17 53 1
17 21 1
17 44 1
17 22 1
17 45 1
17 64 1
18 23 1
18 94 1
19 18 1
19 34 1
19 33 1
19 1 1
19 8 1
19 53 1
19 21 1
19 54 1
19 10 1
19 67 1
19 30 1
19 64 1
19 37 1
19 48 1
19 127 1
19 119 1
20 18 1
21 18 1
21 34 1
21 43 1
21 17 1
21 33 1
21 41 1
21 59 1
21 46 1
22 18 1
23 18 1
23 22 1
23 3 1
23 24 1
23 35 1
23 26 1
23 47 1
23 28 1
23 64 1
23 57 1
23 48 1
23 39 1
23 40 1
23 49 1
23 50 1
23 51 1
23 129 1
23 62 1
23 128 1
24 18 1
24 34 1
24 19 1
24 10 1
24 11 1
24 23 1
24 25 1
24 27 1
24 60 1
24 29 1
24 55 1
24 56 1
24 39 1
24 40 1
24 119 1
24 130 1
24 14 1
25 18 1
25 34 1
25 22 1
25 23 1
25 35 1
25 26 1
25 36 1
25 28 1
25 29 1
25 30 1
25 49 1
25 50 1
25 81 1
25 116 1
25 16 1
26 18 1
26 34 1
26 22 1
26 10 1
26 23 1
26 35 1
26 27 1
26 47 1
26 70 1
26 28 1
27 18 1
27 34 1
27 22 1
27 10 1
27 3 1
27 24 1
27 25 1
27 26 1
27 60 1
27 36 1
27 29 1
27 48 1
28 18 1
28 70 1
28 36 1
28 29 1
28 50 1
29 18 1
29 34 1
29 70 1
29 36 1
29 116 1
30 18 1
30 71 1
31 18 1
31 22 1
31 72 1
31 94 1
31 73 1
31 95 1
31 111 1
31 118 1
31 4 1
31 61 1
31 80 1
31 97 1
32 18 1
32 19 1
32 75 1
32 38 1
32 5 1
32 13 1
32 56 1
32 39 1
32 40 1
32 50 1
32 126 1
32 130 1
32 121 1
32 82 1
32 93 1
33 34 1
33 8 1
33 21 1
33 54 1
33 10 1
33 65 1
33 67 1
33 64 1
33 37 1
34 33 1
34 36 1
34 37 1
35 34 1
35 19 1
35 10 1
35 24 1
35 25 1
35 27 1
35 70 1
35 28 1
35 29 1
35 12 1
35 48 1
35 49 1
35 50 1
35 92 1
35 16 1
35 110 1
36 34 1
36 70 1
36 28 1
37 34 1
37 17 1
37 33 1
37 53 1
37 21 1
37 59 1
37 65 1
38 34 1
38 83 1
38 98 1
38 117 1
38 107 1
38 129 1
39 34 1
39 72 1
39 83 1
39 94 1
39 98 1
39 114 1
39 86 1
39 4 1
39 116 1
40 34 1
40 72 1
40 83 1
40 94 1
40 98 1
40 112 1
40 76 1
40 86 1
40 101 1
40 81 1
40 92 1
40 16 1
41 42 1
41 44 1
42 41 1
42 21 1
42 71 1
43 52 1
43 21 1
43 46 1
44 17 1
44 71 1
45 17 1
45 44 1
45 22 1
45 59 1
45 66 1
46 33 1
46 21 1
46 67 1
47 19 1
47 8 1
47 20 1
47 3 1
47 23 1
47 35 1
47 29 1
47 55 1
47 57 1
47 83 1
47 98 1
47 85 1
47 114 1
47 38 1
47 48 1
47 56 1
47 116 1
47 93 1
47 128 1
48 19 1
48 52 1
48 41 1
48 3 1
48 57 1
48 72 1
48 111 1
48 75 1
48 61 1
48 49 1
48 113 1
48 82 1
48 110 1
49 19 1
49 1 1
49 22 1
49 39 1
49 51 1
49 119 1
49 129 1
49 130 1
50 19 1
50 8 1
50 70 1
50 39 1
50 51 1
50 119 1
50 129 1
50 130 1
51 19 1
51 126 1
51 7 1
53 52 1
53 1 1
53 59 1
53 65 1
53 71 1
53 46 1
54 52 1
54 12 1
54 98 1
55 52 1
56 52 1
56 11 1
56 55 1
56 83 1
56 38 1
56 61 1
56 50 1
56 113 1
56 93 1
56 128 1
57 41 1
57 55 1
57 118 1
57 61 1
57 6 1
58 41 1
59 1 1
60 1 1
60 8 1
60 20 1
60 10 1
60 11 1
60 24 1
60 25 1
60 28 1
60 69 1
60 55 1
60 72 1
60 94 1
60 74 1
60 75 1
60 38 1
60 48 1
60 16 1
60 82 1
60 93 1
60 110 1
61 1 1
61 112 1
61 114 1
61 117 1
61 118 1
61 100 1
61 4 1
61 101 1
61 56 1
61 110 1
62 8 1
62 70 1
62 30 1
62 83 1
62 40 1
62 81 1
63 20 1
63 74 1
63 85 1
63 114 1
63 38 1
63 5 1
63 13 1
63 49 1
63 50 1
63 126 1
63 107 1
63 131 1
63 127 1
63 89 1
63 92 1
63 16 1
64 53 1
64 21 1
64 59 1
64 65 1
64 37 1
66 45 1
67 68 1
69 25 1
69 35 1
70 36 1
70 29 1
72 75 1
72 61 1
72 81 1
73 72 1
73 74 1
73 111 1
73 80 1
74 72 1
74 73 1
74 95 1
74 114 1
74 81 1
75 72 1
75 94 1
75 119 1
76 72 1
76 111 1
76 114 1
76 61 1
76 31 1
77 72 1
77 73 1
77 74 1
77 85 1
77 75 1
77 101 1
77 5 1
77 13 1
77 103 1
77 104 1
77 106 1
77 82 1
77 128 1
78 72 1
78 98 1
78 86 1
79 72 1
79 13 1
80 72 1
80 111 1
81 72 1
82 72 1
82 75 1
83 112 1
83 38 1
83 61 1
83 92 1
84 83 1
84 85 1
84 112 1
84 38 1
85 83 1
85 99 1
85 117 1
85 13 1
85 106 1
85 92 1
86 83 1
86 117 1
86 61 1
86 102 1
87 83 1
87 94 1
87 74 1
87 85 1
87 95 1
87 75 1
87 86 1
87 5 1
87 13 1
87 126 1
87 63 1
87 77 1
87 88 1
87 121 1
87 93 1
87 110 1
87 128 1
88 83 1
88 84 1
88 74 1
88 85 1
88 38 1
88 4 1
88 5 1
88 13 1
88 126 1
88 87 1
88 91 1
88 93 1
88 110 1
89 83 1
89 94 1
90 83 1
90 5 1
90 13 1
90 92 1
91 83 1
91 112 1
92 83 1
92 117 1
93 83 1
93 91 1
94 75 1
94 61 1
95 94 1
95 118 1
95 75 1
95 4 1
95 110 1
96 94 1
96 13 1
96 126 1
96 81 1
97 94 1
97 118 1
98 38 1
98 13 1
98 61 1
99 98 1
99 100 1
99 38 1
99 101 1
99 128 1
100 98 1
100 99 1
100 101 1
101 98 1
101 117 1
101 100 1
101 61 1
101 16 1
102 98 1
102 84 1
102 99 1
102 112 1
102 100 1
102 101 1
102 61 1
102 91 1
102 106 1
102 16 1
103 98 1
103 5 1
103 13 1
104 98 1
104 85 1
104 99 1
104 75 1
104 38 1
104 76 1
104 5 1
104 13 1
104 107 1
104 77 1
104 80 1
104 81 1
104 82 1
104 128 1
105 98 1
105 103 1
105 92 1
105 16 1
106 98 1
106 117 1
106 100 1
107 74 1
107 85 1
107 114 1
107 117 1
107 75 1
107 38 1
107 5 1
107 13 1
107 49 1
107 50 1
107 103 1
107 63 1
107 131 1
107 92 1
108 74 1
108 111 1
108 112 1
108 114 1
108 118 1
108 100 1
108 38 1
108 101 1
108 61 1
108 78 1
108 91 1
108 97 1
108 106 1
109 85 1
109 111 1
109 112 1
109 117 1
109 118 1
109 100 1
109 75 1
109 80 1
109 97 1
110 95 1
113 112 1
113 58 1
113 14 1
113 62 1
113 91 1
115 114 1
115 117 1
115 118 1
115 100 1
115 61 1
115 126 1
115 7 1
115 15 1
115 97 1
115 106 1
116 114 1
116 6 1
116 81 1
117 38 1
117 61 1
117 92 1
118 4 1
119 75 1
119 13 1
119 49 1
119 103 1
119 15 1
120 75 1
120 38 1
120 5 1
120 13 1
120 39 1
120 40 1
120 49 1
120 50 1
120 103 1
120 115 1
120 129 1
120 82 1
120 93 1
121 75 1
121 38 1
121 5 1
121 13 1
121 48 1
121 39 1
121 40 1
121 126 1
121 32 1
121 110 1
122 76 1
122 110 1
122 128 1
123 86 1
123 88 1
123 128 1
124 4 1
125 101 1
126 5 1
126 39 1
126 121 1
127 39 1
127 49 1
127 50 1
127 129 1
128 61 1
129 49 1
129 50 1
129 62 1
130 49 1
130 50 1
130 14 1
131 107 1
131 119 1
