n,d_i,p_i,g_h,l_h
0,-305.8732688014324,979.5114014698909,-813.1878683291949,345.31959481078843
1,291.18972421767046,-226.7040804447248,-38.20317946650231,-136.46277603335554
2,9.741488604591442,-2.200373641573466,2.1198020627578864,-6.130150033304324
3,-734.3417060412514,-2108.5643331769456,-1968.5602018623938,876.8435454245257
4,0.06184400030626701,-0.17668494754112685,0.12715943386921516,0.03645767575989549
5,248.5789318990249,-302.22523250287315,-48.11513025714801,-288.64826798381716
6,4.88321583574781,33.81536589577221,-1.2694437589066534,-31.964971493069942
7,16.43878329717196,-259.24366011986365,153.2475160085238,131.80050050295316
8,-0.752237886047134,1.631174270923321,1.5965311596026788,-0.09562345536855552
9,-7.688957886053966,-4.37380479906614,-5.03130939631508,-0.9543567127189957
10,-205.86302698575534,165.90867966871994,-10.882791445805477,-6.428287606972915
11,792.1396300976093,1835.9049227787898,496.38287793673004,-521.5234657434316
12,0.38857387522092235,-0.11096257007179353,-0.08103381627454208,-0.15724954188156587
13,-4.339128845013105,15.038032868733772,-3.365737925355251,5.774251502293807
14,-1639.6738638511072,-360.9026697977231,-3259.8354816436768,-1885.0323619108933
15,-0.5836192210867571,-13.366648408917872,-21.905949207909334,26.477908253389895
16,69.21305773760945,611.3219135115639,-108.88196609548937,-504.28554058619414
17,-0.008566494010245571,-0.002869681217886794,-0.006915339380681802,-0.009526147775781842
18,-1.608499469092259,21.165851808511295,-7.311638547823979,6.896850579060041
19,2.3539347442296834,-3.5828002255696516,4.352662031467144,0.5888057915637126
20,-2.0797344972816063,2.3743389878554106,3.7177724462504,-1.5703443525753056
21,448.41713005483103,-263.3983412923134,-189.4510741584548,143.0491389037628
22,1.7388503551483154,2.286095142364502,-2.795125961303711,-3.05139422416687
23,-14.282402266139307,-18.004050812325797,21.96446383314637,53.50222854832044
24,50.27507393176739,56.50083285111647,72.78990906935472,-17.478145379286545
25,-0.653197169303894,0.6434357762336731,-0.08585971593856812,0.4124787747859955
26,141.28889318039785,113.91038544834234,-134.17525353913123,84.35252015407269
27,-726.5209382130549,1595.307469001183,1048.9821839699378,935.925476367657
28,-15.34342022584035,-262.90034712277924,-51.22221873356746,-46.21108443920429
29,-93.64995054098276,-68.70762311495267,-63.52016540674063,48.85311335783739
30,-30.627079010009766,23.738304138183594,-9.785367965698242,32.043880462646484
31,-1.3044746842486068,0.6134556297105379,-1.7953443651159222,1.4986511217430234
32,-274.73579301555696,-1316.4637605552202,-189.03413994441956,759.8316840596246
33,-57.242002725314634,117.84572843397753,-146.13224912166166,-35.28046234181294
34,-0.05230770076517589,-0.052714388692178406,-0.047211818768678665,-0.0499556994114895
35,53.70704889297485,67.07777767914992,3.1179716013945065,-31.815439609380867
36,0.2525334656238556,-0.12497596442699432,0.178216814994812,-0.21081693470478058
37,-311.69950516865805,1410.2314870174114,1491.7756916284561,-588.4622957523053
38,53.514906919919525,285.25906284038837,207.30329469534067,-218.55434975257288
39,0.10983034287794279,-0.14148153407642475,-1.7252391199223125,1.8937205983898961
40,372.26942407970245,-727.8190025664293,-630.1125383239525,-591.2270960968274
41,4.675329864025116,34.08085085795476,15.735929250717163,-13.225310023014362
42,0.011694787511190113,-0.0006195209464819457,-0.012265208776695475,0.008507893741737532
43,-5.915081972154632e-05,3.0129880363242242e-05,0.00012915186852943897,-5.805908636278791e-05
44,6.720202125035799,-17.124752732423637,47.20065734936641,10.776001962331625
45,740.9841599368891,-609.0466299490186,-859.5887528155391,-189.9509406529895
46,-18.792930162189386,-5.61906033840317,14.881525309613117,0.13567945212483978
47,29.7100360409285,15.930300049770336,-20.9655530922688,58.64874004672926
48,17.118481466848046,-0.008259364995375598,-8.531736345886271,16.49382551101623
49,-1.6234276386407704,-3.865791057737974,1.476850003004074,0.5950373502878042
50,91.95865095807956,55.844926038613686,18.79194671374101,-23.364029224102314
51,-0.17226882741757577,0.5097131341134138,-1.0126327636445729,0.5040760091934107
52,-541.9850583076477,54.43423839687155,4.362552541952867,-247.38237282404532
53,29.01034308418345,64.02667942320785,-3.5109792801847037,120.48965149988922
54,-3.7526715718782864,-20.641120708905735,6.122162690529456,16.670303161327656
55,79.51143579299634,-163.581224661607,-322.22571503199066,-249.1570254289187
56,1.2848432834904928,-1.1448901438942323,-8.153700420489677,-3.2891082775134306
57,-225.0207857277531,173.09863256880692,48.90879541672677,158.43967518197874
58,56.46427072470005,314.0833421120277,98.24467261937949,113.6891455954084
59,-951.0709924652026,-1843.233402637335,746.3992086007045,95.51033655725993
60,60.5253805403526,-133.07007906413995,-141.82753283014665,-321.31108384407486
61,129.29734768546544,-736.5232856193414,-1193.7052595615387,-615.9796696717923
62,-0.010530068539083004,0.05461961403489113,-0.05178505554795265,0.050747450441122055
63,-0.02418348343613056,-0.036847310982501276,0.02444418419439059,-0.0345548761363786
64,-99.6574150965764,129.7300153879019,46.779718105609604,-22.717076815091648
65,-1169.2076834764493,-748.6582845690875,-282.690075156064,-1106.4962404155388
66,565.5166928702249,-375.6579396215697,-184.2091172353472,429.49877928072016
67,49.38473154948308,46.463966846466064,-99.9514558498676,-156.23762174753043
68,-4.805671563515296,-6.466111646248744,-4.858324887660833,1.621573656797409
69,358.12747008983905,-743.6929864883423,-585.6587254450872,203.30088457006676
70,668.7524528217575,49.67238649244204,376.35954986639683,160.21884622558258
71,4.876183237880468,9.231580287218094,-24.70643904346686,-8.375126612587618
72,0.28538707808519787,0.35580864333762574,-1.3630961906343986,-0.23019905345371136
73,-121.24370274176964,-157.82279601463904,429.8459129333496,264.0623025894165
74,1399.847849439543,-1700.8228832039122,-176.31977313284116,-291.927635287866
75,-1.2714991407612195,1.1027609219846244,-1.0251581501573896,-1.0988765562383027
76,-0.9464388199043102,5.714735786752919,13.126553624366911,-13.256352975892906
77,-45.0145212942018,227.73880789830133,4.600851996586873,209.7873035944425
78,119.2236055961022,137.14240723389847,-247.676643041464,77.1701358281649
79,0.16475589955930794,-1.283873658912713,-0.3420501638475588,1.8576234283111541
80,-11.131057122077506,0.3367451251341173,23.79290081352855,24.92555041579628
81,-0.2342994770979903,1.173709406517446,0.16011524453866655,-0.5117154897351821
82,-16.481795363987867,-23.188063694880558,-8.891274195451002,-38.985924881238205
83,149.56147234017106,209.85495567734046,-135.72995287461805,103.65392907092107
84,-0.8707048892974854,-0.10969594120979309,-0.6149842143058777,1.0388520956039429
85,10.575060312564556,29.544366013545257,10.775492419417088,-21.129905089735985
86,-238.2685116522365,295.7333756289473,431.0399011330032,87.30249853377623
87,1502.8597289965703,2506.3398502423215,-2677.5491973253397,375.4303464110081
88,-5.904192312978781,42.04805028782441,-68.55567159331761,134.8436236496155
89,3.7603274503579507,3.8691907204114475,3.7097341406803865,0.9583243145965613
90,0.3195105267432854,-0.151793610574644,2.3950850965147765,-1.512573049646772
91,588.4916585500424,187.2528397670159,428.9889465662149,2414.139498233795
92,290.632654299673,24.03805513207156,-775.675506337331,-1547.6785435733887
93,-1.860111502590231,1.1847999173825463,0.61499798222436,-0.7204722267835257
94,0.03810246999805363,0.07206245970267516,-0.06486936090872265,0.058449967710587844
95,34.06650534462488,15.150831028702669,42.95789676140367,39.2192153034669
96,-0.029486155140862415,0.060858205385299104,-0.16861020438198274,-0.011242711461431572
97,0.9118113096516866,2.445833140840897,1.0034418418430364,1.3452144160669728
98,514.3199613277728,15.69775418134836,465.5887302985558,-1048.860984802246
99,1323.1003157689343,-545.1446112464898,1116.9497639048273,886.6648795860999
