1 2 1
3 4 1
5 6 1
7 8 1
7 994 1
9 10 1
11 12 1
13 14 1
15 16 1
17 14 1
18 19 1
20 21 1
22 23 1
24 25 1
24 26 1
24 732 1
24 733 1
25 26 1
27 28 1
29 25 1
30 25 1
31 32 1
31 4079 1
33 34 1
35 36 1
37 38 1
39 40 1
41 38 1
42 43 1
42 44 1
42 1935 1
42 1936 1
42 1937 1
45 46 1
47 48 1
49 50 1
49 51 1
50 51 1
53 54 1
53 55 1
53 56 1
57 25 1
58 14 1
59 60 1
61 62 1
61 63 1
64 65 1
66 67 1
68 69 1
70 71 1
70 72 1
73 74 1
75 14 1
76 77 1
78 79 1
78 80 1
78 81 1
82 83 1
82 84 1
82 85 1
86 38 1
87 25 1
87 238 1
88 89 1
90 38 1
91 71 1
91 72 1
92 28 1
93 94 1
95 96 1
95 97 1
95 98 1
95 957 1
99 100 1
99 101 1
102 103 1
104 14 1
105 14 1
106 107 1
106 108 1
107 108 1
109 110 1
111 14 1
112 113 1
114 115 1
116 117 1
118 119 1
120 121 1
120 122 1
120 123 1
120 48 1
124 67 1
125 46 1
126 38 1
127 128 1
129 130 1
131 132 1
133 38 1
134 38 1
135 136 1
135 185 1
135 210 1
135 249 1
135 254 1
135 25 1
137 138 1
139 140 1
141 142 1
143 25 1
144 145 1
144 146 1
147 25 1
148 149 1
150 151 1
150 152 1
153 154 1
153 155 1
154 155 1
156 157 1
158 38 1
159 160 1
161 14 1
162 163 1
164 165 1
166 25 1
167 40 1
168 130 1
169 170 1
171 172 1
173 174 1
176 14 1
177 25 1
178 38 1
179 23 1
180 14 1
181 23 1
182 138 1
183 25 1
184 174 1
186 14 1
187 25 1
187 26 1
187 2941 1
188 67 1
188 38 1
189 25 1
190 191 1
192 193 1
194 25 1
195 196 1
195 197 1
198 199 1
200 201 1
200 202 1
200 203 1
200 204 1
200 205 1
200 206 1
200 207 1
200 208 1
200 209 1
211 212 1
213 25 1
213 26 1
214 38 1
215 38 1
216 38 1
217 25 1
218 38 1
219 170 1
220 221 1
222 223 1
224 225 1
226 38 1
227 38 1
228 229 1
228 230 1
228 231 1
232 38 1
233 174 1
234 235 1
236 14 1
237 238 1
239 240 1
240 239 1
241 242 1
243 174 1
244 25 1
244 26 1
245 246 1
247 248 1
250 25 1
250 26 1
251 252 1
253 48 1
255 46 1
256 223 1
257 174 1
258 67 1
259 25 1
260 23 1
261 174 1
262 263 1
264 38 1
265 38 1
266 267 1
268 223 1
269 270 1
271 272 1
271 273 1
271 274 1
271 275 1
271 276 1
271 277 1
278 174 1
279 280 1
279 281 1
279 400 1
279 401 1
279 828 1
279 829 1
279 911 1
279 912 1
282 283 1
284 89 1
285 286 1
287 23 1
288 23 1
289 223 1
290 291 1
292 293 1
292 294 1
295 223 1
296 297 1
298 299 1
300 23 1
301 185 1
302 67 1
302 46 1
303 23 1
304 305 1
306 89 1
307 14 1
308 309 1
309 174 1
310 8 1
311 312 1
313 314 1
315 38 1
316 317 1
318 19 1
319 38 1
320 263 1
321 25 1
322 89 1
323 174 1
324 325 1
324 229 1
324 230 1
324 231 1
326 23 1
327 40 1
328 329 1
330 331 1
332 38 1
333 119 1
334 14 1
335 89 1
336 23 1
337 25 1
338 23 1
339 25 1
340 235 1
341 38 1
342 25 1
343 38 1
344 309 1
345 14 1
346 25 1
347 38 1
348 349 1
348 350 1
348 351 1
352 67 1
353 25 1
354 38 1
355 89 1
356 14 1
357 358 1
359 38 1
360 25 1
361 362 1
361 363 1
364 14 1
365 14 1
366 367 1
366 368 1
369 25 1
370 371 1
372 373 1
372 44 1
374 235 1
375 25 1
376 25 1
377 23 1
378 379 1
378 380 1
378 312 1
378 1359 1
381 382 1
383 23 1
384 25 1
385 23 1
386 387 1
386 388 1
386 389 1
390 14 1
391 38 1
392 283 1
392 1521 1
393 25 1
394 395 1
396 397 1
398 89 1
399 25 1
402 252 1
403 38 1
404 48 1
405 23 1
406 407 1
408 25 1
408 26 1
409 23 1
410 6 1
411 412 1
411 413 1
414 89 1
415 48 1
416 417 1
418 174 1
419 420 1
421 422 1
423 89 1
424 14 1
425 157 1
426 65 1
427 25 1
427 26 1
428 297 1
429 430 1
431 23 1
432 38 1
433 25 1
434 435 1
436 14 1
437 132 1
438 439 1
440 23 1
441 14 1
442 443 1
444 445 1
446 14 1
447 38 1
448 449 1
448 450 1
448 451 1
449 450 1
452 223 1
453 128 1
454 14 1
455 456 1
457 6 1
458 459 1
460 25 1
461 462 1
463 464 1
463 465 1
466 467 1
466 468 1
466 469 1
466 470 1
466 312 1
471 25 1
472 473 1
472 474 1
475 40 1
476 25 1
477 478 1
479 149 1
479 480 1
479 481 1
479 818 1
482 483 1
482 484 1
485 486 1
487 174 1
488 489 1
488 490 1
491 14 1
492 493 1
494 495 1
496 497 1
496 498 1
496 499 1
496 500 1
496 501 1
496 502 1
503 504 1
505 174 1
506 38 1
507 25 1
508 509 1
508 510 1
508 511 1
508 512 1
513 514 1
515 516 1
517 157 1
518 519 1
520 25 1
521 14 1
522 523 1
524 525 1
526 25 1
527 263 1
528 529 1
528 530 1
528 531 1
528 532 1
531 8 1
533 238 1
534 14 1
535 536 1
535 537 1
536 537 1
536 874 1
536 875 1
537 536 1
537 874 1
537 875 1
538 539 1
540 541 1
542 14 1
543 14 1
544 23 1
545 546 1
545 1590 1
547 38 1
548 283 1
549 550 1
551 38 1
552 25 1
553 554 1
555 23 1
556 174 1
557 14 1
558 559 1
560 67 1
561 191 1
562 14 1
563 46 1
564 565 1
566 25 1
567 568 1
567 569 1
567 570 1
571 25 1
572 89 1
573 574 1
575 23 1
576 130 1
577 25 1
578 579 1
580 581 1
582 38 1
583 38 1
584 40 1
585 586 1
587 483 1
588 25 1
589 590 1
589 591 1
591 589 1
591 590 1
592 25 1
593 594 1
595 596 1
597 598 1
599 14 1
600 309 1
600 174 1
601 602 1
603 309 1
604 46 1
605 579 1
606 607 1
608 223 1
609 132 1
610 611 1
613 614 1
615 263 1
616 25 1
617 618 1
619 25 1
620 373 1
620 44 1
621 25 1
621 26 1
622 623 1
624 625 1
626 14 1
627 628 1
629 119 1
630 631 1
632 174 1
633 38 1
634 14 1
635 14 1
636 89 1
637 48 1
638 639 1
640 38 1
641 89 1
642 579 1
643 644 1
645 48 1
646 25 1
647 648 1
647 649 1
647 650 1
651 40 1
652 653 1
654 655 1
656 25 1
657 658 1
657 659 1
660 119 1
661 662 1
661 663 1
664 25 1
664 48 1
664 235 1
665 223 1
666 38 1
667 38 1
668 38 1
669 14 1
670 25 1
671 672 1
673 71 1
673 72 1
674 283 1
675 89 1
676 23 1
677 495 1
678 38 1
679 680 1
681 40 1
682 38 1
683 38 1
684 685 1
686 174 1
687 14 1
688 689 1
690 691 1
692 174 1
692 834 1
693 89 1
694 695 1
696 174 1
697 38 1
698 6 1
699 89 1
700 235 1
701 702 1
701 703 1
704 89 1
705 706 1
707 23 1
708 25 1
708 26 1
709 710 1
711 223 1
712 23 1
713 119 1
714 25 1
715 19 1
716 94 1
717 718 1
717 719 1
717 720 1
721 46 1
722 723 1
724 25 1
725 726 1
727 728 1
727 729 1
730 25 1
731 25 1
734 735 1
736 737 1
738 739 1
740 741 1
742 743 1
744 745 1
746 550 1
747 25 1
748 248 1
749 750 1
751 752 1
753 14 1
754 25 1
755 756 1
757 579 1
758 25 1
759 25 1
760 67 1
761 762 1
763 764 1
763 765 1
766 14 1
767 743 1
768 23 1
769 223 1
770 174 1
771 772 1
773 14 1
775 776 1
775 4055 1
775 3291 1
777 38 1
778 25 1
779 653 1
780 25 1
781 6 1
782 119 1
783 25 1
784 785 1
786 40 1
787 788 1
789 14 1
790 14 1
791 25 1
791 653 1
792 793 1
794 14 1
795 25 1
795 26 1
795 1076 1
796 797 1
796 798 1
799 38 1
800 242 1
801 38 1
802 653 1
803 804 1
805 38 1
806 25 1
807 8 1
808 809 1
808 474 1
808 810 1
811 89 1
812 229 1
812 230 1
812 231 1
813 23 1
814 815 1
814 816 1
814 817 1
819 820 1
821 382 1
822 823 1
822 824 1
822 825 1
826 827 1
830 25 1
831 283 1
832 309 1
833 834 1
835 836 1
835 960 1
837 14 1
838 25 1
839 840 1
839 841 1
842 38 1
843 844 1
843 845 1
844 845 1
846 847 1
848 849 1
850 589 1
850 590 1
850 591 1
851 48 1
852 25 1
853 546 1
854 855 1
856 25 1
857 283 1
858 859 1
858 860 1
859 858 1
861 309 1
862 119 1
863 14 1
864 865 1
864 866 1
864 1016 1
864 1017 1
864 1331 1
867 868 1
867 869 1
868 869 1
868 867 1
870 89 1
871 38 1
872 157 1
873 874 1
873 875 1
874 875 1
876 89 1
877 695 1
878 776 1
879 174 1
880 881 1
880 882 1
883 38 1
884 25 1
885 14 1
886 887 1
888 14 1
889 6 1
890 23 1
891 23 1
892 893 1
894 25 1
895 732 1
895 733 1
896 897 1
896 898 1
899 900 1
901 23 1
902 263 1
903 48 1
904 23 1
905 223 1
906 907 1
908 38 1
909 14 1
910 38 1
913 914 1
915 23 1
916 917 1
916 918 1
916 919 1
916 920 1
921 922 1
923 924 1
923 925 1
926 174 1
927 14 1
928 929 1
930 174 1
931 23 1
932 917 1
932 918 1
932 919 1
932 920 1
933 25 1
934 38 1
935 936 1
937 938 1
937 939 1
940 223 1
941 38 1
942 943 1
942 944 1
945 946 1
945 3406 1
947 493 1
948 25 1
949 174 1
950 38 1
951 952 1
951 953 1
954 955 1
954 972 1
956 957 1
958 959 1
961 119 1
962 38 1
963 25 1
964 14 1
965 966 1
967 128 1
968 252 1
969 14 1
970 653 1
971 972 1
971 43 1
971 44 1
973 974 1
975 14 1
976 977 1
978 874 1
978 875 1
979 980 1
981 283 1
982 983 1
984 897 1
984 898 1
984 174 1
985 89 1
986 89 1
987 653 1
988 989 1
990 223 1
991 38 1
992 14 1
993 994 1
995 996 1
995 997 1
995 998 1
995 999 1
995 1000 1
995 1001 1
995 1002 1
1003 25 1
1004 25 1
1005 25 1
1006 514 1
1007 25 1
1007 26 1
1008 897 1
1008 898 1
1009 1010 1
1011 820 1
1012 1013 1
1014 46 1
1015 653 1
1018 897 1
1018 898 1
1019 46 1
1020 14 1
1021 443 1
1022 1023 1
1024 653 1
1025 25 1
1026 38 1
1027 89 1
1028 1029 1
1030 25 1
1031 23 1
1032 1033 1
1032 1034 1
1032 1035 1
1036 38 1
1037 1038 1
1037 1039 1
1040 25 1
1041 1042 1
1043 14 1
1044 1045 1
1046 38 1
1047 1048 1
1049 25 1
1050 25 1
1051 750 1
1052 462 1
1053 14 1
1054 1055 1
1056 40 1
1057 1058 1
1059 1060 1
1061 38 1
1062 1063 1
1064 174 1
1065 25 1
1066 25 1
1067 1068 1
1069 1070 1
1071 1072 1
1073 25 1
1073 26 1
1074 89 1
1075 25 1
1076 25 1
1077 1078 1
1077 1079 1
1080 119 1
1081 23 1
1082 1083 1
1082 1090 1
1082 1142 1
1082 1152 1
1082 1153 1
1082 1154 1
1082 1167 1
1082 1096 1
1082 1097 1
1082 1098 1
1082 1099 1
1082 1100 1
1082 1101 1
1082 999 1
1082 312 1
1082 1102 1
1082 1103 1
1082 1104 1
1082 1244 1
1082 1251 1
1082 1288 1
1082 439 1
1082 1705 1
1084 1085 1
1084 312 1
1086 1087 1
1089 23 1
1091 1092 1
1093 1068 1
1094 23 1
1095 1096 1
1095 1097 1
1095 1098 1
1095 1099 1
1095 1100 1
1095 1101 1
1095 999 1
1095 312 1
1095 1102 1
1095 1103 1
1095 1104 1
1096 1097 1
1096 1098 1
1096 1099 1
1096 1100 1
1096 1101 1
1096 999 1
1096 312 1
1096 1102 1
1096 1103 1
1096 1104 1
1105 223 1
1106 38 1
1107 248 1
1108 174 1
1109 14 1
1110 1111 1
1110 1112 1
1113 1068 1
1114 1115 1
1116 89 1
1117 1118 1
1119 38 1
1120 1121 1
1120 1122 1
1120 1123 1
1124 14 1
1125 119 1
1126 1068 1
1127 25 1
1128 1129 1
1130 25 1
1131 25 1
1132 38 1
1133 38 1
1134 1135 1
1136 25 1
1136 26 1
1137 1138 1
1137 1139 1
1140 1141 1
1143 65 1
1144 1145 1
1146 286 1
1147 653 1
1149 1150 1
1151 8 1
1155 25 1
1156 23 1
1157 1158 1
1157 128 1
1159 174 1
1160 1161 1
1160 1162 1
1163 174 1
1164 980 1
1165 1166 1
1168 1169 1
1170 89 1
1171 1172 1
1173 1174 1
1175 443 1
1176 1177 1
1178 1179 1
1178 1182 1
1178 1183 1
1178 1184 1
1180 23 1
1181 119 1
1182 1183 1
1185 46 1
1186 1187 1
1188 1189 1
1188 1190 1
1188 1191 1
1188 1192 1
1188 1193 1
1188 1194 1
1188 1195 1
1188 1196 1
1189 1190 1
1189 1188 1
1189 1191 1
1189 1192 1
1189 1193 1
1189 1194 1
1189 1195 1
1189 1196 1
1193 1189 1
1193 1190 1
1193 1188 1
1193 1191 1
1193 1192 1
1193 1194 1
1193 1195 1
1193 1196 1
1197 1198 1
1199 1179 1
1200 123 1
1201 38 1
1202 579 1
1203 1204 1
1203 1246 1
1203 1281 1
1203 1344 1
1203 1379 1
1203 1404 1
1203 1480 1
1203 1638 1
1203 1690 1
1203 1728 1
1203 1788 1
1203 1811 1
1203 1842 1
1203 1886 1
1203 1943 1
1203 1976 1
1203 2030 1
1203 2056 1
1203 2113 1
1203 2159 1
1203 2209 1
1203 2239 1
1203 2265 1
1203 3749 1
1203 3767 1
1203 3791 1
1203 3824 1
1203 3844 1
1203 3874 1
1203 3931 1
1203 3953 1
1203 3973 1
1203 3990 1
1203 4029 1
1203 4054 1
1203 4129 1
1203 4155 1
1203 4182 1
1203 4209 1
1203 4233 1
1203 4255 1
1203 4278 1
1205 6 1
1206 653 1
1207 23 1
1208 1060 1
1209 1210 1
1211 25 1
1212 1213 1
1214 25 1
1215 1216 1
1215 1217 1
1218 25 1
1219 462 1
1220 309 1
1221 1222 1
1223 581 1
1224 38 1
1225 1179 1
1226 89 1
1228 536 1
1228 537 1
1228 874 1
1228 875 1
1229 1230 1
1229 1231 1
1229 1232 1
1229 1233 1
1230 1231 1
1230 1232 1
1230 1233 1
1234 25 1
1235 514 1
1236 924 1
1236 925 1
1238 25 1
1239 38 1
1240 897 1
1240 898 1
1241 1242 1
1243 38 1
1245 25 1
1247 14 1
1248 474 1
1248 1249 1
1250 225 1
1252 79 1
1252 80 1
1252 81 1
1253 1254 1
1255 1256 1
1257 1258 1
1257 1259 1
1257 596 1
1260 1261 1
1262 653 1
1263 6 1
1264 924 1
1264 925 1
1265 1266 1
1267 128 1
1268 1269 1
1270 235 1
1271 1272 1
1273 132 1
1274 1275 1
1274 1276 1
1277 89 1
1278 119 1
1279 23 1
1280 25 1
1282 14 1
1283 417 1
1284 38 1
1285 1286 1
1285 123 1
1285 1287 1
1289 14 1
1290 25 1
1291 8 1
1292 1293 1
1292 1294 1
1293 1294 1
1295 23 1
1296 1297 1
1298 1299 1
1300 809 1
1300 474 1
1300 810 1
1300 1474 1
1300 2613 1
1301 1302 1
1303 23 1
1304 6 1
1305 917 1
1305 918 1
1305 919 1
1305 920 1
1306 828 1
1307 1308 1
1309 1310 1
1309 1311 1
1310 1311 1
1312 1313 1
1312 1314 1
1315 1316 1
1315 1317 1
1315 1318 1
1315 1319 1
1316 1317 1
1316 1318 1
1316 1319 1
1320 581 1
1321 309 1
1322 1323 1
1324 1325 1
1324 1326 1
1324 1327 1
1324 726 1
1328 579 1
1328 286 1
1329 1330 1
1329 2104 1
1329 2105 1
1329 2106 1
1332 14 1
1333 1334 1
1333 1335 1
1333 1154 1
1336 25 1
1337 568 1
1337 569 1
1337 570 1
1338 38 1
1339 43 1
1339 44 1
1340 1341 1
1342 23 1
1343 38 1
1343 23 1
1345 174 1
1346 897 1
1346 898 1
1347 25 1
1348 246 1
1349 1350 1
1351 628 1
1351 1352 1
1353 23 1
1354 223 1
1355 252 1
1356 38 1
1357 157 1
1358 1076 1
1360 589 1
1360 590 1
1360 591 1
1361 14 1
1362 25 1
1363 12 1
1364 14 1
1365 25 1
1366 1367 1
1368 1369 1
1370 1371 1
1372 1373 1
1372 1374 1
1375 25 1
1376 1377 1
1376 1378 1
1380 23 1
1381 119 1
1382 1383 1
1382 152 1
1384 1045 1
1385 14 1
1386 246 1
1387 1092 1
1388 38 1
1389 23 1
1390 119 1
1391 1392 1
1393 1394 1
1395 1396 1
1397 38 1
1398 38 1
1399 157 1
1400 1401 1
1402 38 1
1403 40 1
1405 25 1
1406 917 1
1406 918 1
1406 919 1
1406 920 1
1407 788 1
1408 23 1
1409 25 1
1410 128 1
1411 252 1
1412 23 1
1413 25 1
1414 1415 1
1416 38 1
1417 25 1
1418 48 1
1419 25 1
1420 23 1
1421 1422 1
1421 1423 1
1421 1424 1
1425 1426 1
1425 1427 1
1425 983 1
1425 363 1
1428 14 1
1429 286 1
1430 897 1
1430 898 1
1431 89 1
1432 38 1
1433 309 1
1434 1435 1
1436 38 1
1437 25 1
1438 25 1
1438 26 1
1439 1440 1
1439 1441 1
1439 1442 1
1440 1441 1
1440 1442 1
1443 1189 1
1443 1190 1
1443 1188 1
1443 1191 1
1443 1192 1
1443 1193 1
1443 1194 1
1443 1195 1
1443 1196 1
1444 1445 1
1444 1446 1
1444 1447 1
1444 1154 1
1448 299 1
1449 1450 1
1451 1452 1
1451 1453 1
1454 71 1
1454 72 1
1455 46 1
1456 43 1
1456 44 1
1457 19 1
1458 1459 1
1458 1460 1
1461 420 1
1462 1463 1
1464 25 1
1465 1466 1
1467 23 1
1468 1469 1
1470 25 1
1471 94 1
1472 579 1
1473 1474 1
1475 94 1
1476 119 1
1477 1478 1
1479 38 1
1481 71 1
1481 72 1
1482 38 1
1483 653 1
1484 1485 1
1484 1486 1
1484 1487 1
1484 1488 1
1484 1489 1
1484 1490 1
1484 1491 1
1484 1492 1
1493 25 1
1493 26 1
1494 25 1
1495 46 1
1496 174 1
1497 874 1
1497 875 1
1498 1145 1
1499 1500 1
1499 1501 1
1502 443 1
1503 1179 1
1504 1505 1
1506 89 1
1507 1508 1
1509 238 1
1510 191 1
1511 1512 1
1513 1514 1
1515 1516 1
1517 653 1
1518 1519 1
1520 1521 1
1522 893 1
1523 1045 1
1524 94 1
1525 38 1
1526 46 1
1527 25 1
1528 1529 1
1530 1531 1
1532 191 1
1533 252 1
1534 1535 1
1536 89 1
1537 89 1
1538 65 1
1539 855 1
1540 263 1
1541 38 1
1542 917 1
1542 918 1
1542 919 1
1542 920 1
1543 1544 1
1543 1545 1
1546 14 1
1547 1548 1
1549 38 1
1550 653 1
1550 25 1
1551 23 1
1552 174 1
1553 23 1
1554 607 1
1555 89 1
1556 1557 1
1558 8 1
1559 38 1
1560 874 1
1560 875 1
1561 1562 1
1561 1563 1
1564 38 1
1565 23 1
1566 38 1
1567 89 1
1568 246 1
1569 286 1
1570 1187 1
1571 462 1
1573 263 1
1574 1575 1
1574 1576 1
1577 1578 1
1579 325 1
1580 827 1
1581 14 1
1582 14 1
1583 23 1
1584 1585 1
1586 25 1
1587 1588 1
1589 246 1
1591 212 1
1592 957 1
1593 1179 1
1594 1595 1
1596 174 1
1596 38 1
1597 1598 1
1597 1599 1
1598 1599 1
1599 1598 1
1600 695 1
1600 1830 1
1601 1602 1
1601 1603 1
1601 1604 1
1605 212 1
1606 14 1
1607 25 1
1607 26 1
1608 1174 1
1609 174 1
1610 1611 1
1612 1613 1
1614 1615 1
1614 1616 1
1617 1618 1
1620 363 1
1621 1622 1
1621 1623 1
1623 38 1
1624 14 1
1625 223 1
1625 38 1
1626 1474 1
1627 1628 1
1627 1629 1
1630 1631 1
1632 67 1
1632 38 1
1633 89 1
1634 14 1
1635 14 1
1636 1637 1
1639 1640 1
1639 1641 1
1642 1643 1
1644 25 1
1645 294 1
1645 1646 1
1647 67 1
1648 38 1
1649 1650 1
1651 1652 1
1653 1654 1
1655 1656 1
1657 1658 1
1659 38 1
1660 38 1
1660 23 1
1661 1662 1
1661 1663 1
1664 38 1
1665 193 1
1666 14 1
1667 14 1
1668 1669 1
1670 174 1
1671 874 1
1671 875 1
1672 38 1
1673 174 1
1674 67 1
1675 25 1
1676 1096 1
1676 1097 1
1676 1098 1
1676 1099 1
1676 1100 1
1676 1101 1
1676 999 1
1676 312 1
1676 1102 1
1676 1103 1
1676 1104 1
1678 728 1
1678 1679 1
1680 1681 1
1680 1682 1
1683 25 1
1684 1076 1
1685 174 1
1686 212 1
1687 1189 1
1687 1190 1
1687 1188 1
1687 1191 1
1687 1192 1
1687 1193 1
1687 1194 1
1687 1195 1
1687 1196 1
1688 38 1
1689 19 1
1691 38 1
1692 1693 1
1694 38 1
1695 25 1
1696 1697 1
1698 1415 1
1699 25 1
1700 1701 1
1700 1702 1
1703 38 1
1704 14 1
1706 1707 1
1708 1709 1
1710 1711 1
1712 14 1
1713 1714 1
1715 1716 1
1717 550 1
1718 38 1
1719 119 1
1720 1721 1
1720 1722 1
1723 1724 1
1725 25 1
1726 174 1
1727 1189 1
1727 1190 1
1727 1188 1
1727 1191 1
1727 1192 1
1727 1193 1
1727 1194 1
1727 1195 1
1727 1196 1
1729 1730 1
1731 1732 1
1731 1733 1
1734 10 1
1735 14 1
1736 14 1
1737 844 1
1737 845 1
1738 1739 1
1738 1740 1
1738 1741 1
1738 1742 1
1738 1743 1
1744 1745 1
1744 1746 1
1747 1748 1
1749 174 1
1750 1751 1
1750 919 1
1750 1752 1
1750 312 1
1750 920 1
1753 6 1
1754 581 1
1755 23 1
1756 38 1
1757 8 1
1758 174 1
1758 38 1
1758 67 1
1759 1760 1
1759 1761 1
1759 1762 1
1759 1079 1
1760 2117 1
1760 2118 1
1760 2119 1
1763 23 1
1764 89 1
1765 25 1
1766 25 1
1767 89 1
1768 25 1
1769 132 1
1770 1158 1
1771 23 1
1772 38 1
1773 897 1
1773 898 1
1773 223 1
1774 735 1
1775 89 1
1776 1777 1
1778 38 1
1779 174 1
1780 23 1
1781 38 1
1782 6 1
1783 897 1
1783 898 1
1784 1785 1
1786 1787 1
1789 286 1
1790 1791 1
1792 223 1
1793 40 1
1794 579 1
1795 1796 1
1797 67 1
1798 67 1
1799 38 1
1799 23 1
1800 897 1
1800 898 1
1801 10 1
1802 1803 1
1804 170 1
1805 223 1
1806 38 1
1807 174 1
1808 1474 1
1809 174 1
1810 23 1
1812 1813 1
1814 14 1
1815 1816 1
1817 38 1
1818 38 1
1819 252 1
1820 38 1
1821 286 1
1822 25 1
1823 1092 1
1824 25 1
1825 14 1
1826 1827 1
1828 246 1
1829 1830 1
1831 46 1
1831 38 1
1832 48 1
1833 1834 1
1835 38 1
1836 193 1
1837 38 1
1838 23 1
1839 14 1
1840 25 1
1841 462 1
1843 25 1
1844 1845 1
1844 1846 1
1847 1848 1
1849 1850 1
1849 1851 1
1849 1852 1
1850 1851 1
1850 1852 1
1853 157 1
1854 38 1
1855 1856 1
1857 1858 1
1857 94 1
1859 924 1
1859 925 1
1860 1861 1
1862 1863 1
1864 1865 1
1864 1866 1
1867 25 1
1868 1179 1
1869 25 1
1869 26 1
1870 46 1
1871 23 1
1872 191 1
1873 8 1
1874 1875 1
1874 1876 1
1874 1877 1
1874 1878 1
1874 1879 1
1874 1880 1
1874 1881 1
1874 1882 1
1874 1883 1
1874 1884 1
1874 1885 1
1875 1876 1
1875 1874 1
1875 1877 1
1875 1878 1
1875 1879 1
1875 1880 1
1875 1881 1
1875 1882 1
1875 1883 1
1875 1884 1
1875 1885 1
1887 1888 1
1887 1889 1
1890 750 1
1891 1643 1
1892 23 1
1893 1894 1
1893 1895 1
1896 23 1
1897 1898 1
1899 1096 1
1899 1097 1
1899 1098 1
1899 1099 1
1899 1100 1
1899 1101 1
1899 999 1
1899 312 1
1899 1102 1
1899 1103 1
1899 1104 1
1900 1901 1
1902 38 1
1903 1904 1
1905 14 1
1906 145 1
1906 146 1
1907 1908 1
1909 25 1
1910 14 1
1911 38 1
1912 38 1
1913 756 1
1914 19 1
1915 1916 1
1917 1918 1
1919 38 1
1920 38 1
1921 235 1
1922 25 1
1923 1924 1
1925 1926 1
1927 40 1
1928 38 1
1929 756 1
1930 1931 1
1932 14 1
1933 174 1
1934 132 1
1938 1629 1
1938 1939 1
1940 23 1
1940 46 1
1941 89 1
1942 443 1
1944 65 1
1945 1946 1
1947 223 1
1948 23 1
1949 1469 1
1950 38 1
1951 119 1
1952 1918 1
1953 89 1
1954 611 1
1955 1956 1
1955 25 1
1957 25 1
1958 1959 1
1958 1960 1
1958 1961 1
1962 25 1
1962 26 1
1963 1174 1
1964 1505 1
1965 1966 1
1967 246 1
1968 1969 1
1968 2899 1
1968 2900 1
1970 38 1
1971 1972 1
1973 23 1
1974 1975 1
1977 14 1
1978 788 1
1979 25 1
1980 89 1
1981 1982 1
1983 1803 1
1984 25 1
1985 1986 1
1985 1987 1
1988 38 1
1989 23 1
1990 1087 1
1991 38 1
1992 14 1
1993 25 1
1994 1995 1
1996 1997 1
1996 1998 1
1996 1999 1
2000 263 1
2001 246 1
2002 2003 1
2005 38 1
2006 836 1
2007 286 1
2008 38 1
2009 89 1
2010 38 1
2011 1931 1
2012 2 1
2013 157 1
2014 1090 1
2015 14 1
2016 14 1
2017 38 1
2018 1177 1
2019 1079 1
2019 723 1
2020 119 1
2021 38 1
2022 2023 1
2022 2024 1
2025 40 1
2026 1643 1
2027 2028 1
2029 980 1
2031 25 1
2032 40 1
2033 25 1
2034 2035 1
2036 25 1
2037 94 1
2038 25 1
2039 191 1
2040 1090 1
2041 2042 1
2043 25 1
2044 25 1
2045 38 1
2046 1142 1
2047 1152 1
2047 1153 1
2047 1154 1
2048 924 1
2048 925 1
2049 38 1
2050 25 1
2051 2052 1
2053 1096 1
2053 1097 1
2053 1098 1
2053 1099 1
2053 1100 1
2053 1101 1
2053 999 1
2053 312 1
2053 1102 1
2053 1103 1
2053 1104 1
2054 2055 1
2057 10 1
2058 14 1
2059 2060 1
2061 71 1
2061 72 1
2062 23 1
2063 132 1
2064 2065 1
2066 25 1
2067 14 1
2068 2069 1
2070 483 1
2070 484 1
2071 2072 1
2073 67 1
2074 1693 1
2074 809 1
2074 474 1
2074 810 1
2074 67 1
2074 46 1
2075 38 1
2076 2077 1
2078 286 1
2079 2080 1
2079 2081 1
2079 2082 1
2079 1895 1
2083 750 1
2084 25 1
2085 728 1
2085 1679 1
2086 2087 1
2088 1415 1
2089 132 1
2090 2091 1
2090 2092 1
2093 249 1
2094 38 1
2095 607 1
2096 2097 1
2098 14 1
2099 38 1
2099 67 1
2100 1072 1
2101 25 1
2102 25 1
2103 89 1
2107 2108 1
2107 2109 1
2107 999 1
2110 23 1
2111 38 1
2112 132 1
2112 1613 1
2114 46 1
2115 174 1
2116 1045 1
2120 14 1
2121 14 1
2122 1863 1
2123 14 1
2124 2125 1
2126 2127 1
2126 2128 1
2129 38 1
2130 855 1
2131 38 1
2132 128 1
2133 2134 1
2133 2135 1
2133 2136 1
2133 2149 1
2137 1643 1
2138 827 1
2139 128 1
2140 23 1
2141 2142 1
2143 25 1
2144 8 1
2145 25 1
2146 38 1
2147 2148 1
2150 756 1
2151 25 1
2152 2153 1
2152 2154 1
2152 2155 1
2156 38 1
2157 38 1
2158 89 1
2160 6 1
2161 157 1
2161 2206 1
2162 6 1
2163 2164 1
2163 2165 1
2164 2165 1
2166 67 1
2167 2168 1
2169 1174 1
2170 38 1
2171 2172 1
2173 2174 1
2175 1956 1
2176 38 1
2177 2178 1
2179 89 1
2180 2181 1
2180 2182 1
2183 23 1
2184 2185 1
2184 2493 1
2186 2187 1
2187 2186 1
2188 2189 1
2190 246 1
2191 1521 1
2192 119 1
2193 2 1
2194 2195 1
2196 462 1
2197 756 1
2198 14 1
2199 38 1
2200 38 1
2201 246 1
2202 38 1
2203 2204 1
2205 752 1
2207 2208 1
2210 2211 1
2212 235 1
2213 2214 1
2213 2215 1
2216 1090 1
2217 38 1
2218 2214 1
2218 2215 1
2219 2220 1
2221 38 1
2222 48 1
2223 38 1
2224 2052 1
2225 174 1
2226 2227 1
2228 579 1
2229 2230 1
2229 2231 1
2232 2097 1
2233 443 1
2234 38 1
2235 25 1
2236 1415 1
2237 25 1
2238 25 1
2240 445 1
2241 2242 1
2243 38 1
2244 25 1
2245 1739 1
2245 1740 1
2245 1741 1
2245 1742 1
2245 1743 1
2246 1174 1
2247 1090 1
2248 25 1
2249 1189 1
2249 1190 1
2249 1188 1
2249 1191 1
2249 1192 1
2249 1193 1
2249 1194 1
2249 1195 1
2249 1196 1
2250 1643 1
2251 695 1
2252 2253 1
2254 1092 1
2255 25 1
2256 23 1
2257 25 1
2258 2259 1
2260 2261 1
2262 246 1
2263 286 1
2264 579 1
2266 38 1
2267 89 1
2268 2097 1
2269 462 1
2270 1174 1
2271 25 1
2272 2273 1
2272 363 1
2274 132 1
2275 38 1
2276 174 1
2277 2278 1
2279 223 1
2280 2281 1
2282 25 1
2283 246 1
2284 23 1
2285 46 1
2285 2985 1
2286 25 1
2287 89 1
2288 38 1
2289 25 1
2290 246 1
2291 2292 1
2293 2281 1
2294 128 1
2295 2296 1
2295 2297 1
2295 2298 1
2295 2299 1
2295 2300 1
2301 14 1
2302 223 1
2303 924 1
2303 925 1
2304 1258 1
2304 2305 1
2306 2307 1
2306 2308 1
2309 46 1
2310 89 1
2311 1997 1
2311 1998 1
2311 1999 1
2312 132 1
2313 23 1
2314 25 1
2315 2316 1
2317 25 1
2318 917 1
2318 918 1
2318 919 1
2318 920 1
2318 2809 1
2319 2320 1
2321 246 1
2322 38 1
2323 14 1
2324 25 1
2325 38 1
2326 2327 1
2328 2329 1
2330 252 1
2331 174 1
2332 38 1
2333 38 1
2334 38 1
2335 2 1
2336 38 1
2337 2338 1
2337 2339 1
2340 25 1
2340 1956 1
2341 2 1
2342 1972 1
2343 40 1
2344 623 1
2345 1076 1
2346 312 1
2347 25 1
2348 38 1
2349 1863 1
2349 2350 1
2351 191 1
2352 611 1
2353 174 1
2353 38 1
2354 132 1
2355 25 1
2356 2357 1
2358 89 1
2359 23 1
2360 980 1
2361 65 1
2362 299 1
2363 2364 1
2365 38 1
2366 25 1
2367 23 1
2368 1294 1
2369 174 1
2370 917 1
2370 918 1
2370 919 1
2370 920 1
2371 38 1
2372 38 1
2373 25 1
2374 2375 1
2374 1330 1
2376 25 1
2377 2378 1
2379 132 1
2380 38 1
2381 2382 1
2383 2384 1
2383 764 1
2383 765 1
2385 174 1
2386 1888 1
2386 1889 1
2387 6 1
2388 2389 1
2390 25 1
2391 2392 1
2391 2393 1
2394 2 1
2395 2396 1
2395 823 1
2395 2397 1
2398 834 1
2399 25 1
2400 38 1
2401 579 1
2402 443 1
2403 2404 1
2405 89 1
2406 38 1
2407 6 1
2408 23 1
2409 14 1
2410 25 1
2411 2412 1
2413 19 1
2414 128 1
2415 89 1
2416 38 1
2417 25 1
2418 225 1
2419 2420 1
2419 2421 1
2419 2422 1
2423 174 1
2424 246 1
2425 223 1
2426 252 1
2427 174 1
2428 1045 1
2429 223 1
2430 46 1
2431 579 1
2432 23 1
2433 2434 1
2435 2436 1
2435 2437 1
2435 275 1
2438 2439 1
2440 14 1
2441 67 1
2442 10 1
2443 193 1
2444 2445 1
2446 2447 1
2448 38 1
2449 38 1
2450 38 1
2451 38 1
2452 737 1
2453 25 1
2454 157 1
2455 25 1
2456 25 1
2457 2458 1
2459 119 1
2460 2461 1
2460 2462 1
2463 2464 1
2465 2466 1
2465 2467 1
2468 14 1
2469 2470 1
2469 2471 1
2469 2472 1
2473 19 1
2474 728 1
2474 1679 1
2475 2476 1
2477 14 1
2478 38 1
2479 38 1
2480 836 1
2481 726 1
2482 2483 1
2482 2484 1
2482 2485 1
2486 235 1
2486 25 1
2487 2488 1
2487 312 1
2489 2490 1
2489 2491 1
2492 14 1
2494 579 1
2495 174 1
2496 40 1
2497 8 1
2498 2499 1
2498 2500 1
2501 38 1
2502 38 1
2503 40 1
2504 38 1
2505 25 1
2506 2507 1
2508 2509 1
2510 25 1
2511 1598 1
2511 1599 1
2512 2513 1
2514 38 1
2515 23 1
2516 1521 1
2517 23 1
2518 19 1
2519 46 1
2520 2521 1
2522 174 1
2523 2052 1
2524 246 1
2525 89 1
2526 2527 1
2526 2528 1
2529 2028 1
2530 2531 1
2532 38 1
2533 25 1
2534 38 1
2535 14 1
2536 579 1
2537 132 1
2538 119 1
2539 25 1
2540 25 1
2541 2542 1
2543 1045 1
2544 252 1
2545 1045 1
2546 38 1
2547 23 1
2548 2549 1
2550 23 1
2551 14 1
2552 2553 1
2554 2555 1
2554 2556 1
2557 2558 1
2559 2560 1
2559 2561 1
2562 14 1
2563 2564 1
2563 2565 1
2563 2566 1
2567 25 1
2568 38 1
2569 119 1
2570 25 1
2571 14 1
2572 174 1
2573 89 1
2574 46 1
2575 286 1
2576 1598 1
2576 1599 1
2577 25 1
2578 223 1
2579 23 1
2580 14 1
2581 2582 1
2583 2584 1
2583 2946 1
2585 6 1
2586 38 1
2587 25 1
2588 128 1
2589 263 1
2590 23 1
2591 2195 1
2592 1521 1
2593 235 1
2594 25 1
2595 14 1
2596 38 1
2597 2028 1
2598 119 1
2599 23 1
2600 719 1
2600 720 1
2601 2602 1
2603 2604 1
2605 286 1
2606 2607 1
2608 40 1
2609 14 1
2610 2259 1
2611 252 1
2612 2613 1
2614 2615 1
2616 2617 1
2618 223 1
2619 579 1
2620 1643 1
2621 309 1
2622 38 1
2623 2624 1
2625 2626 1
2625 1604 1
2625 2092 1
2625 312 1
2627 38 1
2628 38 1
2629 2630 1
2631 25 1
2632 2615 1
2633 25 1
2634 23 1
2635 1174 1
2636 19 1
2637 2638 1
2639 174 1
2641 1266 1
2642 726 1
2643 1161 1
2643 1162 1
2644 157 1
2645 1643 1
2646 174 1
2647 263 1
2648 2649 1
2648 1721 1
2650 2651 1
2652 25 1
2653 157 1
2654 8 1
2655 2656 1
2657 2658 1
2657 2659 1
2660 695 1
2661 1904 1
2662 38 1
2663 2664 1
2665 119 1
2666 2667 1
2668 2669 1
2670 14 1
2671 174 1
2672 2673 1
2674 132 1
2674 2863 1
2674 2864 1
2674 2865 1
2675 2676 1
2677 157 1
2678 38 1
2679 2680 1
2681 2412 1
2682 2683 1
2682 2684 1
2685 38 1
2686 855 1
2687 46 1
2688 2689 1
2690 483 1
2690 484 1
2691 121 1
2691 122 1
2691 123 1
2692 8 1
2693 286 1
2694 46 1
2695 132 1
2696 2697 1
2696 2698 1
2696 2699 1
2700 38 1
2701 94 1
2702 25 1
2702 2709 1
2703 2615 1
2704 2705 1
2704 2706 1
2704 474 1
2707 2708 1
2710 1578 1
2711 174 1
2712 119 1
2713 695 1
2714 2715 1
2716 25 1
2717 6 1
2718 2719 1
2718 500 1
2718 2720 1
2718 2721 1
2723 23 1
2724 38 1
2725 2726 1
2727 2728 1
2729 25 1
2730 2731 1
2732 67 1
2733 38 1
2734 38 1
2735 38 1
2736 14 1
2737 1189 1
2737 1190 1
2737 1188 1
2737 1191 1
2737 1192 1
2737 1193 1
2737 1194 1
2737 1195 1
2737 1196 1
2738 2739 1
2740 14 1
2741 119 1
2742 14 1
2743 579 1
2744 46 1
2745 2072 1
2746 834 1
2747 235 1
2748 23 1
2749 2750 1
2749 2751 1
2752 25 1
2753 25 1
2754 71 1
2754 72 1
2755 1179 1
2756 2757 1
2758 2759 1
2758 2760 1
2761 750 1
2762 2763 1
2764 2765 1
2764 1383 1
2764 152 1
2766 2767 1
2768 89 1
2769 752 1
2770 2771 1
2772 14 1
2773 38 1
2774 25 1
2775 286 1
2776 827 1
2777 2778 1
2779 174 1
2780 174 1
2781 40 1
2782 14 1
2783 6 1
2784 25 1
2785 2786 1
2785 2787 1
2788 38 1
2789 2790 1
2791 23 1
2792 1179 1
2793 594 1
2794 119 1
2795 223 1
2796 752 1
2797 14 1
2798 38 1
2799 2800 1
2799 312 1
2799 999 1
2801 25 1
2802 38 1
2803 38 1
2804 14 1
2805 1179 1
2806 48 1
2807 2808 1
2810 2811 1
2810 2812 1
2813 2814 1
2815 25 1
2816 25 1
2817 23 1
2818 119 1
2819 40 1
2820 8 1
2821 1748 1
2822 2823 1
2824 174 1
2825 14 1
2826 2827 1
2828 38 1
2829 977 1
2830 38 1
2831 2832 1
2833 2834 1
2833 695 1
2835 2125 1
2836 38 1
2837 2838 1
2837 2839 1
2840 38 1
2841 855 1
2842 2843 1
2844 2845 1
2846 223 1
2847 834 1
2848 67 1
2849 14 1
2850 788 1
2851 2852 1
2851 1446 1
2851 451 1
2853 1189 1
2853 1190 1
2853 1188 1
2853 1191 1
2853 1192 1
2853 1193 1
2853 1194 1
2853 1195 1
2853 1196 1
2854 764 1
2854 765 1
2855 46 1
2856 25 1
2857 128 1
2858 2859 1
2860 38 1
2861 462 1
2862 38 1
2866 1643 1
2867 836 1
2869 89 1
2870 193 1
2871 38 1
2872 25 1
2873 38 1
2874 14 1
2875 2876 1
2877 191 1
2877 23 1
2878 1521 1
2879 25 1
2880 483 1
2881 40 1
2882 2883 1
2884 2052 1
2885 38 1
2886 40 1
2887 2888 1
2889 174 1
2890 25 1
2891 25 1
2892 14 1
2893 2894 1
2895 2896 1
2897 2898 1
2901 252 1
2902 23 1
2903 38 1
2904 2905 1
2906 174 1
2907 89 1
2908 212 1
2909 25 1
2910 14 1
2911 23 1
2912 23 1
2913 25 1
2914 974 1
2915 25 1
2916 2917 1
2918 223 1
2919 1158 1
2920 23 1
2921 827 1
2922 14 1
2923 2924 1
2923 2925 1
2926 2613 1
2927 836 1
2928 119 1
2929 46 1
2930 174 1
2931 594 1
2932 46 1
2933 223 1
2934 25 1
2935 1972 1
2936 2412 1
2937 1466 1
2938 286 1
2939 67 1
2940 38 1
2942 2943 1
2944 2945 1
2947 14 1
2948 25 1
2949 855 1
2950 67 1
2950 174 1
2951 38 1
2952 14 1
2953 788 1
2954 2955 1
2954 2956 1
2957 6 1
2958 170 1
2959 14 1
2960 38 1
2961 2962 1
2961 2963 1
2964 38 1
2965 25 1
2966 286 1
2967 38 1
2968 6 1
2969 25 1
2970 2971 1
2972 38 1
2973 2974 1
2973 2975 1
2976 462 1
2977 579 1
2978 223 1
2979 174 1
2979 38 1
2980 1904 1
2981 38 1
2982 25 1
2983 1834 1
2984 2985 1
2986 89 1
2987 2988 1
2987 2989 1
2987 2990 1
2991 14 1
2992 38 1
2993 25 1
2994 855 1
2995 25 1
2996 2997 1
2998 46 1
2999 38 1
3000 23 1
3001 119 1
3002 25 1
3003 1227 1
3003 855 1
3004 1803 1
3005 223 1
3006 48 1
3007 579 1
3008 420 1
3009 25 1
3010 3011 1
3012 785 1
3013 25 1
3014 3015 1
3016 1748 1
3017 25 1
3018 286 1
3019 25 1
3020 38 1
3021 89 1
3022 3023 1
3022 3024 1
3024 3023 1
3025 2624 1
3026 14 1
3027 25 1
3028 23 1
3029 14 1
3030 3031 1
3032 286 1
3033 1174 1
3034 25 1
3035 2097 1
3036 3037 1
3036 3038 1
3038 38 1
3039 25 1
3040 89 1
3041 3042 1
3043 1904 1
3044 25 1
3045 3046 1
3045 3047 1
3045 113 1
3048 89 1
3049 38 1
3051 235 1
3052 223 1
3053 23 1
3054 3055 1
3054 3056 1
3057 38 1
3058 38 1
3059 689 1
3060 38 1
3061 3062 1
3063 43 1
3063 44 1
3064 38 1
3065 980 1
3066 223 1
3067 3068 1
3069 25 1
3070 3071 1
3072 495 1
3073 40 1
3074 2924 1
3074 3075 1
3076 10 1
3077 750 1
3078 14 1
3079 89 1
3080 546 1
3081 1521 1
3082 3083 1
3082 596 1
3082 3084 1
3082 3085 1
3086 3087 1
3086 44 1
3088 1179 1
3089 3090 1
3091 38 1
3092 23 1
3093 25 1
3094 3095 1
3096 89 1
3097 483 1
3098 3099 1
3100 38 1
3101 238 1
3102 3103 1
3104 38 1
3105 1469 1
3106 25 1
3107 358 1
3107 3599 1
3108 23 1
3109 3110 1
3111 174 1
3112 25 1
3113 3114 1
3115 3116 1
3117 89 1
3118 38 1
3119 25 1
3120 6 1
3121 14 1
3122 25 1
3123 2564 1
3123 2565 1
3123 2566 1
3124 38 1
3125 3126 1
3127 3128 1
3129 40 1
3130 3131 1
3132 3133 1
3132 3134 1
3135 3136 1
3137 25 1
3138 38 1
3139 3140 1
3141 89 1
3142 3143 1
3144 1474 1
3145 89 1
3146 286 1
3147 2615 1
3148 89 1
3149 579 1
3150 25 1
3151 706 1
3152 71 1
3152 72 1
3153 40 1
3154 119 1
3155 38 1
3156 1972 1
3157 263 1
3158 38 1
3159 1514 1
3160 40 1
3161 3162 1
3161 3163 1
3164 3165 1
3164 3166 1
3164 3167 1
3164 3168 1
3164 3169 1
3164 3170 1
3171 25 1
3172 2204 1
3173 3174 1
3175 223 1
3176 3177 1
3178 38 1
3179 38 1
3180 25 1
3181 2615 1
3182 89 1
3183 3184 1
3185 3186 1
3185 3187 1
3185 3075 1
3188 25 1
3189 38 1
3190 2052 1
3191 3192 1
3194 38 1
3195 174 1
3196 579 1
3197 695 1
3198 1918 1
3199 3200 1
3201 1924 1
3202 726 1
3203 25 1
3204 174 1
3205 3206 1
3207 579 1
3208 3209 1
3208 1330 1
3208 277 1
3209 1330 1
3209 277 1
3210 23 1
3211 89 1
3212 48 1
3213 1616 1
3213 3214 1
3213 3215 1
3213 3216 1
3217 836 1
3218 1598 1
3218 1599 1
3219 67 1
3220 67 1
3221 3222 1
3223 3224 1
3225 3226 1
3225 3227 1
3228 25 1
3229 3230 1
3231 1177 1
3232 855 1
3233 3234 1
3235 2211 1
3236 1179 1
3237 38 1
3238 25 1
3239 3240 1
3241 3177 1
3242 1474 1
3243 25 1
3244 3245 1
3246 3247 1
3248 38 1
3249 3250 1
3249 3251 1
3252 8 1
3253 3254 1
3255 14 1
3256 14 1
3257 119 1
3258 48 1
3259 132 1
3260 3261 1
3260 720 1
3261 720 1
3262 25 1
3263 65 1
3264 1777 1
3265 3090 1
3266 3267 1
3268 3206 1
3269 23 1
3270 89 1
3271 3272 1
3273 25 1
3274 3275 1
3276 38 1
3277 25 1
3278 1598 1
3278 1599 1
3279 132 1
3280 38 1
3281 38 1
3282 3283 1
3284 38 1
3285 3286 1
3287 3288 1
3289 25 1
3290 3291 1
3292 38 1
3293 579 1
3294 3295 1
3294 3296 1
3297 174 1
3298 3299 1
3300 38 1
3301 1466 1
3302 924 1
3302 925 1
3303 38 1
3304 1076 1
3305 23 1
3306 983 1
3306 2561 1
3306 2560 1
3306 3307 1
3306 3308 1
3309 1326 1
3309 1327 1
3309 3310 1
3311 46 1
3312 25 1
3313 473 1
3313 474 1
3314 1615 1
3314 1616 1
3315 38 1
3316 2626 1
3316 1604 1
3316 2092 1
3316 312 1
3316 924 1
3316 925 1
3318 38 1
3319 185 1
3320 40 1
3321 3186 1
3321 3187 1
3321 3075 1
3322 3323 1
3324 3325 1
3325 3928 1
3326 2042 1
3327 14 1
3328 89 1
3329 174 1
3330 3331 1
3332 756 1
3333 1850 1
3333 1851 1
3333 1852 1
3334 263 1
3335 25 1
3336 14 1
3337 3338 1
3339 3340 1
3341 157 1
3342 924 1
3342 925 1
3343 25 1
3344 157 1
3345 46 1
3346 67 1
3347 2273 1
3347 363 1
3347 3547 1
3348 579 1
3349 1045 1
3350 38 1
3351 89 1
3352 38 1
3353 611 1
3354 3355 1
3356 65 1
3357 3358 1
3359 40 1
3360 3361 1
3360 4227 1
3362 695 1
3363 46 1
3364 3071 1
3365 6 1
3366 2211 1
3367 38 1
3368 38 1
3369 3370 1
3371 174 1
3372 3373 1
3372 3374 1
3372 1183 1
3372 1299 1
3375 38 1
3376 3377 1
3376 3378 1
3376 3379 1
3380 3381 1
3380 3382 1
3383 25 1
3384 25 1
3385 3386 1
3385 3387 1
3388 38 1
3389 827 1
3390 3391 1
3390 3392 1
3390 3393 1
3390 3394 1
3390 817 1
3395 132 1
3396 3397 1
3396 3398 1
3396 3399 1
3396 3400 1
3396 3920 1
3396 3921 1
3396 2989 1
3401 174 1
3402 38 1
3403 3404 1
3405 25 1
3407 46 1
3408 3409 1
3408 3410 1
3408 3411 1
3408 3412 1
3413 25 1
3414 23 1
3415 170 1
3416 38 1
3417 1850 1
3417 1851 1
3417 1852 1
3418 38 1
3419 1079 1
3420 3421 1
3420 3877 1
3422 3423 1
3424 25 1
3425 238 1
3426 25 1
3427 48 1
3428 38 1
3429 25 1
3430 8 1
3431 550 1
3432 119 1
3433 25 1
3434 3435 1
3434 3436 1
3437 611 1
3438 3439 1
3438 3440 1
3441 445 1
3442 25 1
3443 25 1
3444 3445 1
3446 38 1
3447 3448 1
3447 3449 1
3450 3451 1
3452 3453 1
3452 3502 1
3454 46 1
3455 23 1
3456 19 1
3457 3458 1
3459 3460 1
3461 611 1
3462 611 1
3463 756 1
3464 38 1
3465 23 1
3466 3467 1
3468 23 1
3469 443 1
3470 23 1
3471 312 1
3472 174 1
3473 495 1
3474 23 1
3475 2894 1
3476 1904 1
3477 38 1
3478 3479 1
3480 23 1
3481 3482 1
3481 3483 1
3484 46 1
3485 23 1
3486 121 1
3486 122 1
3486 123 1
3487 1023 1
3488 3489 1
3488 3490 1
3488 3491 1
3492 25 1
3493 3494 1
3495 89 1
3496 25 1
3497 756 1
3498 23 1
3499 23 1
3500 924 1
3500 925 1
3501 855 1
3503 23 1
3504 827 1
3505 25 1
3506 706 1
3507 3508 1
3507 3509 1
3510 23 1
3511 252 1
3512 132 1
3513 1904 1
3514 25 1
3515 25 1
3516 3517 1
3518 2488 1
3518 312 1
3519 568 1
3519 569 1
3519 570 1
3520 3521 1
3522 174 1
3523 25 1
3524 3525 1
3524 3526 1
3527 119 1
3528 623 1
3529 827 1
3530 25 1
3531 25 1
3532 40 1
3533 2214 1
3533 2215 1
3534 3535 1
3536 25 1
3537 3538 1
3539 3540 1
3541 23 1
3542 48 1
3543 38 1
3544 67 1
3545 174 1
3546 23 1
3548 2669 1
3549 695 1
3550 38 1
3551 174 1
3552 14 1
3553 23 1
3554 3555 1
3554 3556 1
3557 6 1
3558 23 1
3559 38 1
3560 23 1
3561 695 1
3562 14 1
3563 25 1
3564 170 1
3565 23 1
3566 25 1
3567 3568 1
3569 3570 1
3571 25 1
3572 25 1
3573 89 1
3574 25 1
3575 3576 1
3577 25 1
3578 3579 1
3580 462 1
3581 3582 1
3583 3584 1
3585 38 1
3586 174 1
3586 3896 1
3587 3588 1
3587 3589 1
3587 3590 1
3587 3591 1
3592 46 1
3593 23 1
3594 23 1
3595 3596 1
3597 38 1
3600 1177 1
3601 38 1
3602 3603 1
3604 25 1
3605 855 1
3606 89 1
3607 25 1
3608 2613 1
3609 119 1
3610 23 1
3611 25 1
3612 25 1
3613 25 1
3614 3615 1
3614 3616 1
3614 1259 1
3617 65 1
3618 924 1
3618 925 1
3619 3620 1
3621 1174 1
3622 2988 1
3622 2989 1
3622 2990 1
3623 6 1
3624 119 1
3625 25 1
3626 38 1
3627 32 1
3628 174 1
3629 1174 1
3630 23 1
3631 89 1
3632 855 1
3633 25 1
3634 25 1
3634 924 1
3634 925 1
3635 3224 1
3636 3637 1
3636 3638 1
3636 3639 1
3636 3640 1
3641 25 1
3642 3643 1
3644 3645 1
3646 119 1
3647 38 1
3648 836 1
3649 67 1
3650 3651 1
3650 132 1
3652 25 1
3653 174 1
3654 286 1
3655 3656 1
3657 917 1
3657 918 1
3657 919 1
3657 920 1
3658 493 1
3659 3660 1
3659 3661 1
3659 3662 1
3659 3663 1
3664 1174 1
3665 23 1
3666 25 1
3667 3668 1
3669 2955 1
3669 3670 1
3671 741 1
3672 38 1
3673 38 1
3674 38 1
3675 38 1
3676 25 1
3677 3678 1
3679 737 1
3680 89 1
3681 46 1
3682 1161 1
3682 1162 1
3683 3684 1
3683 3685 1
3683 3686 1
3683 3687 1
3683 3688 1
3683 3689 1
3690 23 1
3691 25 1
3692 2292 1
3693 2863 1
3693 2864 1
3693 2865 1
3693 132 1
3694 38 1
3695 3696 1
3697 3698 1
3699 14 1
3700 132 1
3701 25 1
3702 38 1
3703 737 1
3704 3705 1
3704 312 1
3706 3707 1
3706 1269 1
3706 44 1
3708 3709 1
3708 3710 1
3708 3711 1
3712 3713 1
3714 1161 1
3714 1162 1
3715 25 1
3716 43 1
3716 44 1
3717 25 1
3718 2507 1
3719 46 1
3720 1863 1
3721 1023 1
3722 3723 1
3722 2261 1
3724 174 1
3725 917 1
3725 918 1
3725 919 1
3725 920 1
3726 756 1
3727 25 1
3728 3729 1
3728 3730 1
3731 3732 1
3733 3734 1
3735 89 1
3736 25 1
3737 3738 1
3739 38 1
3740 2316 1
3740 473 1
3741 8 1
3742 119 1
3743 8 1
3744 23 1
3745 735 1
3746 3747 1
3748 1072 1
3750 132 1
3751 3752 1
3753 3754 1
3755 89 1
3756 3757 1
3756 3758 1
3759 1415 1
3760 38 1
3761 25 1
3762 38 1
3763 25 1
3764 154 1
3764 3765 1
3766 38 1
3768 2028 1
3769 550 1
3770 3771 1
3772 25 1
3773 3774 1
3775 3261 1
3775 720 1
3776 252 1
3777 3778 1
3777 3779 1
3777 3780 1
3781 1598 1
3781 1599 1
3782 1516 1
3783 23 1
3784 174 1
3785 3786 1
3785 3787 1
3785 3788 1
3786 3787 1
3786 3788 1
3789 23 1
3790 46 1
3792 38 1
3793 3331 1
3794 174 1
3795 3796 1
3797 3798 1
3797 3799 1
3800 1512 1
3800 3801 1
3800 3802 1
3803 3804 1
3805 3806 1
3807 3808 1
3807 2827 1
3807 1259 1
3809 25 1
3810 3811 1
3810 2261 1
3810 1299 1
3812 3813 1
3812 3814 1
3812 3815 1
3812 3816 1
3812 312 1
3817 25 1
3818 3819 1
3818 3820 1
3818 3821 1
3822 25 1
3823 445 1
3825 6 1
3826 38 1
3827 3828 1
3827 3829 1
3827 132 1
3830 174 1
3831 3832 1
3833 25 1
3834 89 1
3835 3836 1
3835 3837 1
3838 25 1
3839 238 1
3840 174 1
3841 14 1
3842 3843 1
3845 25 1
3846 38 1
3847 3848 1
3849 43 1
3849 44 1
3850 3851 1
3852 3853 1
3854 25 1
3855 1079 1
3856 89 1
3857 38 1
3858 2273 1
3858 3547 1
3859 924 1
3859 925 1
3859 119 1
3860 3861 1
3862 2613 1
3863 174 1
3864 170 1
3865 89 1
3866 38 1
3867 3192 1
3868 3869 1
3870 23 1
3871 2626 1
3871 1604 1
3871 2092 1
3871 312 1
3872 89 1
3873 89 1
3875 855 1
3876 14 1
3878 8 1
3879 25 1
3880 2613 1
3881 38 1
3882 2731 1
3883 8 1
3884 3885 1
3886 38 1
3887 119 1
3888 23 1
3889 128 1
3890 373 1
3890 44 1
3891 43 1
3891 44 1
3892 25 1
3893 8 1
3894 611 1
3895 38 1
3897 94 1
3898 185 1
3899 46 1
3900 3901 1
3902 89 1
3903 1227 1
3904 25 1
3905 128 1
3906 48 1
3907 3908 1
3907 445 1
3909 539 1
3910 25 1
3911 89 1
3912 1863 1
3913 14 1
3914 43 1
3914 44 1
3915 38 1
3916 3917 1
3916 3918 1
3916 3919 1
3922 14 1
3923 23 1
3924 3925 1
3926 38 1
3927 25 1
3929 38 1
3930 2204 1
3932 611 1
3933 3934 1
3935 14 1
3936 3937 1
3938 3939 1
3938 3940 1
3938 4173 1
3938 4289 1
3938 4290 1
3941 3942 1
3943 38 1
3944 157 1
3945 38 1
3946 252 1
3947 3948 1
3947 3949 1
3947 3950 1
3951 809 1
3951 474 1
3951 810 1
3952 235 1
3954 25 1
3955 157 1
3956 756 1
3957 1299 1
3957 38 1
3957 611 1
3958 235 1
3959 8 1
3960 38 1
3961 2466 1
3961 2467 1
3962 855 1
3963 6 1
3964 25 1
3965 3966 1
3967 3968 1
3969 89 1
3970 46 1
3971 89 1
3972 40 1
3974 3975 1
3976 23 1
3977 119 1
3978 3576 1
3979 263 1
3980 358 1
3980 3981 1
3982 40 1
3983 695 1
3984 3985 1
3984 3986 1
3985 3984 1
3985 3986 1
3987 25 1
3988 14 1
3989 25 1
3991 19 1
3992 3993 1
3994 25 1
3995 14 1
3996 611 1
3997 23 1
3998 38 1
3999 4000 1
3999 4001 1
4002 4003 1
4004 38 1
4005 23 1
4006 157 1
4007 2697 1
4007 2698 1
4007 2699 1
4008 38 1
4009 1161 1
4009 1162 1
4010 38 1
4011 128 1
4012 1177 1
4014 14 1
4015 25 1
4016 4017 1
4018 40 1
4019 23 1
4020 4021 1
4020 4022 1
4023 23 1
4024 38 1
4025 89 1
4026 4027 1
4028 40 1
4030 38 1
4031 1068 1
4032 2292 1
4033 1863 1
4033 4034 1
4035 25 1
4036 1029 1
4037 23 1
4038 25 1
4039 14 1
4040 8 1
4041 4042 1
4043 212 1
4044 14 1
4045 38 1
4046 1227 1
4047 89 1
4048 4049 1
4050 1777 1
4051 119 1
4052 8 1
4053 25 1
4056 4057 1
4056 4058 1
4059 252 1
4060 174 1
4061 38 1
4062 4063 1
4064 252 1
4065 737 1
4066 38 1
4067 25 1
4068 25 1
4069 170 1
4069 3643 1
4070 174 1
4071 3177 1
4072 855 1
4073 4074 1
4075 38 1
4076 3177 1
4077 4078 1
4080 25 1
4081 3836 1
4081 3837 1
4082 4083 1
4084 38 1
4085 2985 1
4086 4087 1
4088 25 1
4089 38 1
4090 174 1
4091 23 1
4092 154 1
4092 3765 1
4093 788 1
4094 4095 1
4096 2292 1
4097 25 1
4098 46 1
4099 25 1
4100 174 1
4101 14 1
4102 25 1
4103 67 1
4104 8 1
4105 14 1
4106 1227 1
4107 94 1
4108 1777 1
4109 4110 1
4109 4111 1
4109 4112 1
4113 4114 1
4115 89 1
4116 4117 1
4118 25 1
4119 119 1
4120 706 1
4121 286 1
4122 25 1
4123 1161 1
4123 1162 1
4124 1777 1
4125 23 1
4126 2211 1
4127 4128 1
4130 611 1
4131 2397 1
4132 252 1
4133 25 1
4134 3925 1
4135 2447 1
4136 25 1
4137 4138 1
4139 4140 1
4139 4141 1
4142 4143 1
4142 4144 1
4142 4145 1
4146 1068 1
4147 4148 1
4149 1068 1
4150 25 1
4151 3798 1
4151 3799 1
4152 14 1
4153 1068 1
4154 594 1
4156 3925 1
4157 25 1
4158 25 1
4159 38 1
4160 4161 1
4160 4162 1
4160 4163 1
4164 897 1
4164 898 1
4165 38 1
4166 4167 1
4168 38 1
4169 772 1
4170 4171 1
4172 25 1
4174 40 1
4175 174 1
4176 23 1
4177 893 1
4178 4179 1
4178 4180 1
4181 25 1
4183 38 1
4185 119 1
4186 4187 1
4188 238 1
4189 38 1
4190 25 1
4191 252 1
4192 71 1
4192 72 1
4193 174 1
4194 4195 1
4194 4196 1
4194 4197 1
4198 1908 1
4199 443 1
4200 263 1
4201 4202 1
4203 4204 1
4203 1079 1
4205 119 1
4206 6 1
4207 855 1
4208 8 1
4210 4211 1
4212 119 1
4213 174 1
4214 191 1
4215 38 1
4216 25 1
4217 6 1
4218 174 1
4219 2778 1
4220 1777 1
4221 174 1
4222 2292 1
4223 756 1
4224 611 1
4225 23 1
4226 14 1
4228 40 1
4229 23 1
4230 89 1
4231 4232 1
4234 4235 1
4236 1174 1
4237 119 1
4238 38 1
4239 2697 1
4239 2698 1
4239 2699 1
4240 38 1
4241 4242 1
4243 89 1
4244 2767 1
4245 174 1
4246 4247 1
4248 225 1
4249 38 1
4250 8 1
4251 1572 1
4252 4253 1
4254 38 1
4256 38 1
4257 4258 1
4259 1739 1
4259 1740 1
4259 1741 1
4259 1742 1
4259 1743 1
4260 46 1
4261 48 1
4262 25 1
4263 4264 1
4265 4114 1
4266 25 1
4267 1931 1
4268 46 1
4269 25 1
4270 4271 1
4270 4272 1
4270 4273 1
4270 4274 1
4275 38 1
4276 607 1
4277 128 1
4279 119 1
4280 4281 1
4282 2273 1
4282 363 1
4283 185 1
4284 14 1
4285 2273 1
4285 363 1
4286 4287 1
4288 89 1
4291 14 1
4292 14 1
4293 25 1
4294 1158 1
4295 89 1
4296 25 1
4297 25 1
4298 89 1
4299 1227 1
4300 4301 1
4302 4303 1
4302 4304 1
4305 89 1
4306 737 1
4307 157 1
4308 25 1
4309 25 1
4310 4311 1
4312 1850 1
4312 1851 1
4312 1852 1
4313 3925 1
4314 1863 1
4314 4315 1
4316 25 1
4317 25 1
4318 4319 1
4320 25 1
4321 4322 1
4323 67 1
4324 1918 1
4325 4326 1
4327 46 1
4328 23 1
4329 25 1
4330 38 1
4331 1466 1
4332 14 1
4333 46 1
4334 38 1
4335 252 1
4336 4337 1
4336 4338 1
4336 4339 1
4336 4340 1
4336 4341 1
4336 1604 1
4342 2697 1
4342 2698 1
4342 2699 1
4343 174 1
4344 263 1
4345 38 1
4346 67 1
4347 2052 1
4348 1350 1
4349 4350 1
4351 25 1
4352 119 1
4353 4049 1
4354 38 1
4355 174 1
4356 2292 1
4357 4358 1
4359 48 1
4360 4361 1
4362 38 1
4363 569 1
4363 4364 1
4365 4366 1
4365 4367 1
4368 4369 1
4370 4371 1
4372 25 1
4373 48 1
4374 611 1
4375 25 1
4376 46 1
4377 25 1
4378 38 1
4379 14 1
4380 4381 1
4380 4382 1
4383 38 1
4384 157 1
4385 38 1
4386 6 1
4387 4388 1
4389 4390 1
4391 40 1
4392 89 1
4393 4394 1
4395 4396 1
4397 4396 1
4398 25 1
4399 8 1
4400 3222 1
4401 38 1
4402 25 1
4403 4404 1
4403 4405 1
4403 2827 1
4406 77 1
4407 128 1
4408 23 1
4409 3925 1
4410 1177 1
4411 38 1
4412 23 1
4413 23 1
4414 23 1
4415 23 1
4416 3837 1
4416 4417 1
4418 25 1
4419 4420 1
4421 1863 1
4421 4422 1
4423 4424 1
4423 4425 1
4426 119 1
4427 4428 1
4427 4429 1
4427 4430 1
4427 4431 1
4427 4432 1
4427 4433 1
4434 2273 1
4434 363 1
4435 2035 1
4436 25 1
4437 38 1
4438 4439 1
4440 174 1
4441 4442 1
4443 174 1
4444 1514 1
