2 1 1
2 2012 1
2 2193 1
2 2335 1
2 2341 1
2 2394 1
4 3 1
6 5 1
6 410 1
6 457 1
6 698 1
6 781 1
6 889 1
6 1205 1
6 1263 1
6 1304 1
6 1753 1
6 1782 1
6 2160 1
6 2162 1
6 2387 1
6 2407 1
6 2585 1
6 2717 1
6 2783 1
6 2957 1
6 2968 1
6 3120 1
6 3365 1
6 3557 1
6 3623 1
6 3825 1
6 3963 1
6 4206 1
6 4217 1
6 4386 1
8 7 1
8 310 1
8 807 1
8 1151 1
8 1291 1
8 1558 1
8 1757 1
8 1873 1
8 2144 1
8 2497 1
8 2654 1
8 2692 1
8 2820 1
8 3252 1
8 3430 1
8 3741 1
8 3743 1
8 3878 1
8 3883 1
8 3893 1
8 3959 1
8 4040 1
8 4052 1
8 4104 1
8 531 1
8 4208 1
8 4250 1
8 4399 1
10 9 1
10 1734 1
10 1801 1
10 2057 1
10 2442 1
10 3076 1
12 11 1
12 1363 1
14 13 1
14 17 1
14 58 1
14 75 1
14 104 1
14 105 1
14 111 1
14 161 1
14 176 1
14 180 1
14 186 1
14 236 1
14 307 1
14 334 1
14 345 1
14 356 1
14 364 1
14 365 1
14 390 1
14 424 1
14 436 1
14 441 1
14 446 1
14 454 1
14 491 1
14 521 1
14 534 1
14 542 1
14 543 1
14 557 1
14 562 1
14 599 1
14 626 1
14 634 1
14 635 1
14 669 1
14 687 1
14 753 1
14 766 1
14 773 1
14 789 1
14 790 1
14 794 1
14 837 1
14 863 1
14 885 1
14 888 1
14 909 1
14 927 1
14 964 1
14 969 1
14 975 1
14 992 1
14 1020 1
14 1043 1
14 1053 1
14 1109 1
14 1124 1
14 1247 1
14 1282 1
14 1289 1
14 1332 1
14 1361 1
14 1364 1
14 1385 1
14 1428 1
14 1546 1
14 1581 1
14 1582 1
14 1606 1
14 1624 1
14 1634 1
14 1635 1
14 1666 1
14 1667 1
14 1704 1
14 1712 1
14 1735 1
14 1736 1
14 1814 1
14 1825 1
14 1839 1
14 1905 1
14 1910 1
14 1932 1
14 1977 1
14 1992 1
14 2015 1
14 2016 1
14 2058 1
14 2067 1
14 2098 1
14 2120 1
14 2121 1
14 2123 1
14 2198 1
14 2301 1
14 2323 1
14 2409 1
14 2440 1
14 2468 1
14 2477 1
14 2492 1
14 2535 1
14 2551 1
14 2562 1
14 2571 1
14 2580 1
14 2595 1
14 2609 1
14 2670 1
14 2736 1
14 2740 1
14 2742 1
14 2772 1
14 2782 1
14 2797 1
14 2804 1
14 2825 1
14 2849 1
14 2874 1
14 2892 1
14 2910 1
14 2922 1
14 2947 1
14 2952 1
14 2959 1
14 2991 1
14 3026 1
14 3029 1
14 3078 1
14 3121 1
14 3255 1
14 3256 1
14 3327 1
14 3336 1
14 3552 1
14 3562 1
14 3699 1
14 3841 1
14 3876 1
14 3913 1
14 3922 1
14 3935 1
14 3988 1
14 3995 1
14 4014 1
14 4039 1
14 4044 1
14 4101 1
14 4105 1
14 4152 1
14 4226 1
14 4284 1
14 4291 1
14 4292 1
14 4332 1
14 4379 1
16 15 1
19 18 1
19 318 1
19 715 1
19 1457 1
19 1689 1
19 1914 1
19 2413 1
19 2473 1
19 2518 1
19 2636 1
19 3456 1
19 3991 1
21 20 1
23 22 1
23 179 1
23 181 1
23 260 1
23 287 1
23 288 1
23 300 1
23 303 1
23 326 1
23 336 1
23 338 1
23 377 1
23 383 1
23 385 1
23 405 1
23 409 1
23 431 1
23 440 1
23 544 1
23 555 1
23 575 1
23 676 1
23 707 1
23 712 1
23 768 1
23 813 1
23 890 1
23 891 1
23 901 1
23 904 1
23 915 1
23 931 1
23 1031 1
23 1081 1
23 1089 1
23 1094 1
23 1156 1
23 1180 1
23 1207 1
23 1279 1
23 1295 1
23 1303 1
23 1342 1
23 1353 1
23 1380 1
23 1389 1
23 1408 1
23 1412 1
23 1420 1
23 1467 1
23 1551 1
23 1553 1
23 1565 1
23 1583 1
23 1755 1
23 1763 1
23 1771 1
23 1780 1
23 1810 1
23 1838 1
23 1871 1
23 1892 1
23 1896 1
23 1940 1
23 1948 1
23 1973 1
23 1989 1
23 2062 1
23 2110 1
23 2140 1
23 2183 1
23 2256 1
23 2284 1
23 2313 1
23 2359 1
23 2367 1
23 2408 1
23 2432 1
23 2515 1
23 2517 1
23 2547 1
23 2550 1
23 2579 1
23 2590 1
23 2599 1
23 2634 1
23 1799 1
23 2723 1
23 2748 1
23 2791 1
23 2817 1
23 2902 1
23 2911 1
23 2912 1
23 2920 1
23 3000 1
23 3028 1
23 3053 1
23 1660 1
23 3092 1
23 3108 1
23 3210 1
23 3269 1
23 3305 1
23 1343 1
23 3414 1
23 3455 1
23 3465 1
23 3468 1
23 3470 1
23 3474 1
23 3480 1
23 3485 1
23 3498 1
23 3499 1
23 3503 1
23 3510 1
23 3541 1
23 3546 1
23 3553 1
23 3558 1
23 3560 1
23 3565 1
23 3593 1
23 3594 1
23 3610 1
23 3630 1
23 3665 1
23 3690 1
23 3744 1
23 3783 1
23 2877 1
23 3789 1
23 3870 1
23 3888 1
23 3923 1
23 3976 1
23 3997 1
23 4005 1
23 4019 1
23 4023 1
23 4037 1
23 4091 1
23 4125 1
23 4176 1
23 4225 1
23 4229 1
23 4328 1
23 4408 1
23 4412 1
23 4413 1
23 4414 1
23 4415 1
25 24 1
25 29 1
25 30 1
25 57 1
25 87 1
25 143 1
25 147 1
25 166 1
25 177 1
25 183 1
25 187 1
25 189 1
25 194 1
25 213 1
25 217 1
25 244 1
25 250 1
25 259 1
25 135 1
25 321 1
25 337 1
25 339 1
25 342 1
25 346 1
25 353 1
25 360 1
25 369 1
25 375 1
25 376 1
25 384 1
25 393 1
25 399 1
25 408 1
25 427 1
25 433 1
25 460 1
25 471 1
25 476 1
25 507 1
25 520 1
25 526 1
25 552 1
25 566 1
25 571 1
25 577 1
25 588 1
25 592 1
25 616 1
25 619 1
25 621 1
25 646 1
25 656 1
25 664 1
25 670 1
25 708 1
25 714 1
25 724 1
25 730 1
25 731 1
25 747 1
25 754 1
25 758 1
25 759 1
25 778 1
25 780 1
25 783 1
25 791 1
25 795 1
25 806 1
25 830 1
25 838 1
25 852 1
25 856 1
25 884 1
25 894 1
25 933 1
25 948 1
25 963 1
25 1003 1
25 1004 1
25 1005 1
25 1007 1
25 1025 1
25 1030 1
25 1040 1
25 1049 1
25 1050 1
25 1065 1
25 1066 1
25 1073 1
25 1075 1
25 1127 1
25 1130 1
25 1131 1
25 1136 1
25 1155 1
25 1211 1
25 1214 1
25 1218 1
25 1234 1
25 1238 1
25 1245 1
25 1280 1
25 1290 1
25 1336 1
25 1347 1
25 1362 1
25 1365 1
25 1375 1
25 1405 1
25 1409 1
25 1413 1
25 1417 1
25 1419 1
25 1437 1
25 1438 1
25 1464 1
25 1470 1
25 1493 1
25 1494 1
25 1527 1
25 1586 1
25 1607 1
25 1644 1
25 1675 1
25 1683 1
25 1695 1
25 1699 1
25 1725 1
25 1765 1
25 1766 1
25 1768 1
25 1822 1
25 1824 1
25 1840 1
25 1843 1
25 1867 1
25 1869 1
25 1909 1
25 1922 1
25 1957 1
25 1962 1
25 1979 1
25 1984 1
25 1993 1
25 1955 1
25 2031 1
25 2033 1
25 2036 1
25 2038 1
25 2043 1
25 2044 1
25 2050 1
25 2066 1
25 2084 1
25 2101 1
25 2102 1
25 2143 1
25 2145 1
25 2151 1
25 2235 1
25 2237 1
25 2238 1
25 2244 1
25 2248 1
25 2255 1
25 2257 1
25 2271 1
25 2282 1
25 2286 1
25 2289 1
25 2314 1
25 2317 1
25 2324 1
25 2340 1
25 2347 1
25 2355 1
25 2366 1
25 2373 1
25 2376 1
25 2390 1
25 2399 1
25 2410 1
25 2417 1
25 2453 1
25 2455 1
25 2456 1
25 2505 1
25 2510 1
25 2533 1
25 2539 1
25 2540 1
25 2486 1
25 2567 1
25 2570 1
25 2577 1
25 2587 1
25 2594 1
25 2631 1
25 2633 1
25 2652 1
25 2702 1
25 2716 1
25 2729 1
25 2752 1
25 2753 1
25 2774 1
25 2784 1
25 2801 1
25 2815 1
25 2816 1
25 1550 1
25 2856 1
25 2872 1
25 2879 1
25 2890 1
25 2891 1
25 2909 1
25 2913 1
25 2915 1
25 2934 1
25 2948 1
25 2965 1
25 2969 1
25 2982 1
25 2993 1
25 2995 1
25 3002 1
25 3009 1
25 3013 1
25 3017 1
25 3019 1
25 3027 1
25 3034 1
25 3039 1
25 3044 1
25 3069 1
25 3093 1
25 3106 1
25 3112 1
25 3119 1
25 3122 1
25 3137 1
25 3150 1
25 3171 1
25 3180 1
25 3188 1
25 3203 1
25 3228 1
25 3238 1
25 3243 1
25 3262 1
25 3273 1
25 3277 1
25 3289 1
25 3312 1
25 3335 1
25 3343 1
25 3383 1
25 3384 1
25 3405 1
25 3413 1
25 3424 1
25 3426 1
25 3429 1
25 3433 1
25 3442 1
25 3443 1
25 3492 1
25 3496 1
25 3505 1
25 3514 1
25 3515 1
25 3523 1
25 3530 1
25 3531 1
25 3536 1
25 3563 1
25 3566 1
25 3571 1
25 3572 1
25 3574 1
25 3577 1
25 3604 1
25 3607 1
25 3611 1
25 3612 1
25 3613 1
25 3625 1
25 3633 1
25 3634 1
25 3641 1
25 3652 1
25 3666 1
25 3676 1
25 3691 1
25 3701 1
25 3715 1
25 3717 1
25 3727 1
25 3736 1
25 3761 1
25 3763 1
25 3772 1
25 3809 1
25 3817 1
25 3822 1
25 3833 1
25 3838 1
25 3845 1
25 3854 1
25 3879 1
25 1076 1
25 3892 1
25 3904 1
25 3910 1
25 3927 1
25 3954 1
25 3964 1
25 3987 1
25 3989 1
25 3994 1
25 4015 1
25 4035 1
25 4038 1
25 4053 1
25 4067 1
25 4068 1
25 4080 1
25 4088 1
25 4097 1
25 4099 1
25 4102 1
25 4118 1
25 4122 1
25 4133 1
25 4136 1
25 4150 1
25 4157 1
25 4158 1
25 4172 1
25 4181 1
25 4190 1
25 4216 1
25 4262 1
25 4266 1
25 4269 1
25 4293 1
25 4296 1
25 4297 1
25 4308 1
25 4309 1
25 4316 1
25 4317 1
25 4320 1
25 4329 1
25 4351 1
25 4372 1
25 4375 1
25 4377 1
25 4398 1
25 4402 1
25 4418 1
25 4436 1
26 24 1
26 187 1
26 213 1
26 244 1
26 250 1
26 408 1
26 427 1
26 621 1
26 708 1
26 795 1
26 1007 1
26 1073 1
26 1136 1
26 1438 1
26 1493 1
26 1607 1
26 1869 1
26 1962 1
26 25 1
28 27 1
28 92 1
32 31 1
32 3627 1
34 33 1
36 35 1
38 37 1
38 41 1
38 86 1
38 90 1
38 126 1
38 133 1
38 134 1
38 158 1
38 178 1
38 214 1
38 215 1
38 216 1
38 218 1
38 226 1
38 227 1
38 232 1
38 264 1
38 265 1
38 315 1
38 319 1
38 332 1
38 341 1
38 343 1
38 347 1
38 354 1
38 359 1
38 391 1
38 403 1
38 432 1
38 447 1
38 506 1
38 547 1
38 551 1
38 582 1
38 583 1
38 633 1
38 640 1
38 666 1
38 667 1
38 668 1
38 678 1
38 682 1
38 683 1
38 697 1
38 777 1
38 799 1
38 801 1
38 805 1
38 842 1
38 871 1
38 883 1
38 908 1
38 910 1
38 934 1
38 941 1
38 950 1
38 962 1
38 991 1
38 1026 1
38 1036 1
38 1046 1
38 1061 1
38 1106 1
38 1119 1
38 1132 1
38 1133 1
38 1201 1
38 1224 1
38 1239 1
38 1243 1
38 1284 1
38 1338 1
38 1343 1
38 1356 1
38 1388 1
38 1397 1
38 1398 1
38 1402 1
38 1416 1
38 1432 1
38 1436 1
38 1479 1
38 1482 1
38 1525 1
38 1541 1
38 1549 1
38 1559 1
38 1564 1
38 1566 1
38 1648 1
38 1659 1
38 1660 1
38 1664 1
38 1672 1
38 1688 1
38 1691 1
38 1694 1
38 1703 1
38 1718 1
38 1756 1
38 1772 1
38 1778 1
38 1758 1
38 1781 1
38 1799 1
38 1806 1
38 1817 1
38 1818 1
38 1820 1
38 1835 1
38 1837 1
38 1854 1
38 1902 1
38 1911 1
38 1912 1
38 1919 1
38 1920 1
38 1928 1
38 1950 1
38 1970 1
38 1988 1
38 1991 1
38 2005 1
38 2008 1
38 2010 1
38 2017 1
38 2021 1
38 2045 1
38 2049 1
38 2075 1
38 2094 1
38 1632 1
38 2099 1
38 2111 1
38 2129 1
38 2131 1
38 2146 1
38 2156 1
38 2157 1
38 2170 1
38 2176 1
38 2199 1
38 2200 1
38 2202 1
38 2217 1
38 2221 1
38 2223 1
38 2234 1
38 2243 1
38 2266 1
38 2275 1
38 2288 1
38 1625 1
38 2322 1
38 2325 1
38 2332 1
38 2333 1
38 2334 1
38 2336 1
38 2348 1
38 2365 1
38 2371 1
38 2372 1
38 2380 1
38 2400 1
38 2406 1
38 2416 1
38 2448 1
38 2449 1
38 2450 1
38 2451 1
38 2478 1
38 2479 1
38 2501 1
38 2502 1
38 2504 1
38 2514 1
38 2532 1
38 2534 1
38 1596 1
38 2546 1
38 2568 1
38 2586 1
38 2596 1
38 2622 1
38 2627 1
38 2628 1
38 2662 1
38 2678 1
38 2685 1
38 2700 1
38 2724 1
38 2733 1
38 2734 1
38 2735 1
38 2773 1
38 2788 1
38 2798 1
38 2802 1
38 2803 1
38 2828 1
38 2830 1
38 2836 1
38 2840 1
38 2860 1
38 2862 1
38 2871 1
38 2873 1
38 2885 1
38 2903 1
38 2940 1
38 2951 1
38 2960 1
38 2964 1
38 2967 1
38 2972 1
38 2981 1
38 2992 1
38 2999 1
38 1831 1
38 2353 1
38 3020 1
38 3049 1
38 3057 1
38 3058 1
38 3060 1
38 3064 1
38 3091 1
38 3100 1
38 3104 1
38 3118 1
38 3124 1
38 3138 1
38 3155 1
38 3158 1
38 3178 1
38 3179 1
38 3189 1
38 3194 1
38 2979 1
38 3237 1
38 3248 1
38 3276 1
38 3280 1
38 3281 1
38 3284 1
38 3292 1
38 3300 1
38 3303 1
38 3315 1
38 3318 1
38 3350 1
38 3352 1
38 3367 1
38 3368 1
38 3375 1
38 188 1
38 3388 1
38 3402 1
38 3416 1
38 3418 1
38 3428 1
38 3446 1
38 3464 1
38 3477 1
38 3543 1
38 3550 1
38 3559 1
38 3585 1
38 3597 1
38 3601 1
38 3626 1
38 3647 1
38 3672 1
38 3673 1
38 3674 1
38 3675 1
38 3694 1
38 3702 1
38 3038 1
38 3739 1
38 1623 1
38 3760 1
38 3762 1
38 3766 1
38 3792 1
38 3826 1
38 3846 1
38 3857 1
38 3866 1
38 3881 1
38 3886 1
38 3895 1
38 3915 1
38 3926 1
38 3929 1
38 3943 1
38 3945 1
38 3960 1
38 3998 1
38 4004 1
38 4008 1
38 4010 1
38 4024 1
38 4030 1
38 4045 1
38 4061 1
38 4066 1
38 4075 1
38 4084 1
38 4089 1
38 4159 1
38 4165 1
38 4168 1
38 4183 1
38 4189 1
38 4215 1
38 4238 1
38 4240 1
38 4249 1
38 4254 1
38 3957 1
38 4256 1
38 4275 1
38 4330 1
38 4334 1
38 4345 1
38 4354 1
38 4362 1
38 4378 1
38 4383 1
38 4385 1
38 4401 1
38 4411 1
38 4437 1
40 39 1
40 167 1
40 327 1
40 475 1
40 584 1
40 651 1
40 681 1
40 786 1
40 1056 1
40 1403 1
40 1793 1
40 1927 1
40 2025 1
40 2032 1
40 2343 1
40 2496 1
40 2503 1
40 2608 1
40 2781 1
40 2819 1
40 2881 1
40 2886 1
40 3073 1
40 3129 1
40 3153 1
40 3160 1
40 3320 1
40 3359 1
40 3532 1
40 3972 1
40 3982 1
40 4018 1
40 4028 1
40 4174 1
40 4228 1
40 4391 1
43 42 1
43 1339 1
43 1456 1
43 3063 1
43 971 1
43 3716 1
43 3849 1
43 3891 1
43 3914 1
44 42 1
44 372 1
44 620 1
44 1339 1
44 1456 1
44 3063 1
44 3086 1
44 971 1
44 3706 1
44 3716 1
44 3849 1
44 3890 1
44 3891 1
44 3914 1
46 45 1
46 125 1
46 255 1
46 563 1
46 604 1
46 721 1
46 302 1
46 1014 1
46 1019 1
46 1185 1
46 1455 1
46 1495 1
46 1526 1
46 1831 1
46 1870 1
46 2114 1
46 2285 1
46 2309 1
46 2430 1
46 2519 1
46 2574 1
46 2687 1
46 2694 1
46 2744 1
46 2855 1
46 2929 1
46 2932 1
46 2998 1
46 3311 1
46 3345 1
46 3363 1
46 3407 1
46 3454 1
46 3484 1
46 3592 1
46 3681 1
46 3719 1
46 3790 1
46 3899 1
46 3970 1
46 2074 1
46 4098 1
46 1940 1
46 4260 1
46 4268 1
46 4327 1
46 4333 1
46 4376 1
48 47 1
48 253 1
48 404 1
48 415 1
48 120 1
48 637 1
48 645 1
48 851 1
48 903 1
48 664 1
48 1418 1
48 1832 1
48 2222 1
48 2806 1
48 3006 1
48 3212 1
48 3258 1
48 3427 1
48 3542 1
48 3906 1
48 4261 1
48 4359 1
48 4373 1
50 49 1
51 49 1
51 50 1
54 53 1
55 53 1
56 53 1
60 59 1
62 61 1
63 61 1
65 64 1
65 426 1
65 1143 1
65 1538 1
65 1944 1
65 2361 1
65 3263 1
65 3356 1
65 3617 1
67 66 1
67 124 1
67 188 1
67 258 1
67 302 1
67 352 1
67 560 1
67 760 1
67 1632 1
67 1647 1
67 1674 1
67 1797 1
67 1798 1
67 2073 1
67 2099 1
67 2166 1
67 2441 1
67 2732 1
67 2848 1
67 2939 1
67 2950 1
67 3219 1
67 3220 1
67 3346 1
67 3544 1
67 3649 1
67 2074 1
67 4103 1
67 1758 1
67 4323 1
67 4346 1
69 68 1
71 70 1
71 91 1
71 673 1
71 1454 1
71 1481 1
71 2061 1
71 2754 1
71 3152 1
71 4192 1
72 70 1
72 91 1
72 673 1
72 1454 1
72 1481 1
72 2061 1
72 2754 1
72 3152 1
72 4192 1
74 73 1
77 76 1
77 4406 1
79 78 1
79 1252 1
80 78 1
80 1252 1
81 78 1
81 1252 1
83 82 1
84 82 1
85 82 1
89 88 1
89 284 1
89 306 1
89 322 1
89 335 1
89 355 1
89 398 1
89 414 1
89 423 1
89 572 1
89 636 1
89 641 1
89 675 1
89 693 1
89 699 1
89 704 1
89 811 1
89 870 1
89 876 1
89 985 1
89 986 1
89 1027 1
89 1074 1
89 1116 1
89 1170 1
89 1226 1
89 1277 1
89 1431 1
89 1506 1
89 1536 1
89 1537 1
89 1555 1
89 1567 1
89 1633 1
89 1764 1
89 1767 1
89 1775 1
89 1941 1
89 1953 1
89 1980 1
89 2009 1
89 2103 1
89 2158 1
89 2179 1
89 2267 1
89 2287 1
89 2310 1
89 2358 1
89 2405 1
89 2415 1
89 2525 1
89 2573 1
89 2768 1
89 2869 1
89 2907 1
89 2986 1
89 3021 1
89 3040 1
89 3048 1
89 3079 1
89 3096 1
89 3117 1
89 3141 1
89 3145 1
89 3148 1
89 3182 1
89 3211 1
89 3270 1
89 3328 1
89 3351 1
89 3495 1
89 3573 1
89 3606 1
89 3631 1
89 3680 1
89 3735 1
89 3755 1
89 3834 1
89 3856 1
89 3865 1
89 3872 1
89 3873 1
89 3902 1
89 3911 1
89 3969 1
89 3971 1
89 4025 1
89 4047 1
89 4115 1
89 4230 1
89 4243 1
89 4288 1
89 4295 1
89 4298 1
89 4305 1
89 4392 1
94 93 1
94 716 1
94 1471 1
94 1475 1
94 1524 1
94 1857 1
94 2037 1
94 2701 1
94 3897 1
94 4107 1
96 95 1
97 95 1
98 95 1
100 99 1
101 99 1
103 102 1
107 106 1
108 106 1
108 107 1
110 109 1
113 112 1
113 3045 1
115 114 1
117 116 1
119 118 1
119 333 1
119 629 1
119 660 1
119 713 1
119 782 1
119 862 1
119 961 1
119 1080 1
119 1125 1
119 1181 1
119 1278 1
119 1381 1
119 1390 1
119 1476 1
119 1719 1
119 1951 1
119 2020 1
119 2192 1
119 2459 1
119 2538 1
119 2569 1
119 2598 1
119 2665 1
119 2712 1
119 2741 1
119 2794 1
119 2818 1
119 2928 1
119 3001 1
119 3154 1
119 3257 1
119 3432 1
119 3527 1
119 3609 1
119 3624 1
119 3646 1
119 3742 1
119 3887 1
119 3977 1
119 4051 1
119 4119 1
119 4185 1
119 3859 1
119 4205 1
119 4212 1
119 4237 1
119 4279 1
119 4352 1
119 4426 1
121 120 1
121 2691 1
121 3486 1
122 120 1
122 2691 1
122 3486 1
123 120 1
123 1200 1
123 1285 1
123 2691 1
123 3486 1
128 127 1
128 453 1
128 967 1
128 1267 1
128 1410 1
128 1157 1
128 2132 1
128 2139 1
128 2294 1
128 2414 1
128 2588 1
128 2857 1
128 3889 1
128 3905 1
128 4011 1
128 4277 1
128 4407 1
130 129 1
130 168 1
130 576 1
132 131 1
132 437 1
132 609 1
132 1273 1
132 1769 1
132 1934 1
132 2063 1
132 2089 1
132 2112 1
132 2274 1
132 2312 1
132 2354 1
132 2379 1
132 2537 1
132 2674 1
132 2695 1
132 3259 1
132 3279 1
132 3395 1
132 3512 1
132 3650 1
132 3700 1
132 3750 1
132 3827 1
132 3693 1
136 135 1
138 137 1
138 182 1
140 139 1
142 141 1
145 144 1
145 1906 1
146 144 1
146 1906 1
149 148 1
149 479 1
151 150 1
152 150 1
152 1382 1
152 2764 1
154 153 1
154 3764 1
154 4092 1
155 153 1
155 154 1
157 156 1
157 425 1
157 517 1
157 872 1
157 1357 1
157 1399 1
157 1853 1
157 2013 1
157 2161 1
157 2454 1
157 2644 1
157 2653 1
157 2677 1
157 3341 1
157 3344 1
157 3944 1
157 3955 1
157 4006 1
157 4307 1
157 4384 1
160 159 1
163 162 1
165 164 1
170 169 1
170 219 1
170 1804 1
170 2958 1
170 3415 1
170 3564 1
170 3864 1
170 4069 1
172 171 1
174 173 1
174 184 1
174 233 1
174 243 1
174 257 1
174 261 1
174 278 1
174 323 1
174 418 1
174 487 1
174 505 1
174 556 1
174 632 1
174 686 1
174 692 1
174 696 1
174 770 1
174 879 1
174 926 1
174 930 1
174 309 1
174 949 1
174 1064 1
174 1108 1
174 1159 1
174 1163 1
174 1345 1
174 1496 1
174 1552 1
174 1596 1
174 1609 1
174 1670 1
174 1673 1
174 1685 1
174 1726 1
174 1749 1
174 1758 1
174 1779 1
174 1807 1
174 1809 1
174 1933 1
174 2115 1
174 600 1
174 2225 1
174 2276 1
174 2331 1
174 2353 1
174 2369 1
174 2385 1
174 2423 1
174 2427 1
174 2495 1
174 2522 1
174 2572 1
174 2639 1
174 2646 1
174 2671 1
174 2711 1
174 2779 1
174 2780 1
174 2824 1
174 2889 1
174 2906 1
174 2930 1
174 2950 1
174 2979 1
174 3111 1
174 3195 1
174 3204 1
174 3297 1
174 3329 1
174 3371 1
174 3401 1
174 3472 1
174 3522 1
174 3545 1
174 3551 1
174 3586 1
174 3628 1
174 3653 1
174 3724 1
174 3784 1
174 3794 1
174 3830 1
174 3840 1
174 984 1
174 3863 1
174 4060 1
174 4070 1
174 4090 1
174 4100 1
174 4175 1
174 4193 1
174 4213 1
174 4218 1
174 4221 1
174 4245 1
174 4343 1
174 4355 1
174 4440 1
174 4443 1
185 135 1
185 301 1
185 3319 1
185 3898 1
185 4283 1
191 190 1
191 561 1
191 1510 1
191 1532 1
191 1872 1
191 2039 1
191 2351 1
191 2877 1
191 4214 1
193 192 1
193 1665 1
193 1836 1
193 2443 1
193 2870 1
196 195 1
197 195 1
199 198 1
201 200 1
202 200 1
203 200 1
204 200 1
205 200 1
206 200 1
207 200 1
208 200 1
209 200 1
210 135 1
212 211 1
212 1591 1
212 1605 1
212 1686 1
212 2908 1
212 4043 1
221 220 1
223 222 1
223 256 1
223 268 1
223 289 1
223 295 1
223 452 1
223 608 1
223 665 1
223 711 1
223 769 1
223 905 1
223 940 1
223 990 1
223 1105 1
223 1354 1
223 1625 1
223 1792 1
223 1805 1
223 1947 1
223 2279 1
223 2302 1
223 2425 1
223 2429 1
223 2578 1
223 2618 1
223 2795 1
223 2846 1
223 2918 1
223 2933 1
223 2978 1
223 3005 1
223 3052 1
223 3066 1
223 1773 1
223 3175 1
225 224 1
225 1250 1
225 2418 1
225 4248 1
229 228 1
229 812 1
229 324 1
230 228 1
230 812 1
230 324 1
231 228 1
231 812 1
231 324 1
235 234 1
235 340 1
235 374 1
235 700 1
235 1270 1
235 1921 1
235 2212 1
235 2486 1
235 2593 1
235 2747 1
235 3051 1
235 664 1
235 3952 1
235 3958 1
238 237 1
238 533 1
238 1509 1
238 3101 1
238 3425 1
238 3839 1
238 87 1
238 4188 1
239 240 1
240 239 1
242 241 1
242 800 1
246 245 1
246 1348 1
246 1386 1
246 1568 1
246 1589 1
246 1828 1
246 1967 1
246 2001 1
246 2190 1
246 2201 1
246 2262 1
246 2283 1
246 2290 1
246 2321 1
246 2424 1
246 2524 1
248 247 1
248 748 1
248 1107 1
249 135 1
249 2093 1
252 251 1
252 402 1
252 968 1
252 1355 1
252 1411 1
252 1533 1
252 1819 1
252 2330 1
252 2426 1
252 2544 1
252 2611 1
252 2901 1
252 3511 1
252 3776 1
252 3946 1
252 4059 1
252 4064 1
252 4132 1
252 4191 1
252 4335 1
254 135 1
263 262 1
263 320 1
263 527 1
263 615 1
263 902 1
263 1540 1
263 1573 1
263 2000 1
263 2589 1
263 2647 1
263 3157 1
263 3334 1
263 3979 1
263 4200 1
263 4344 1
267 266 1
270 269 1
272 271 1
273 271 1
274 271 1
275 271 1
275 2435 1
276 271 1
277 271 1
277 3208 1
277 3209 1
280 279 1
281 279 1
283 282 1
283 392 1
283 548 1
283 674 1
283 831 1
283 857 1
283 981 1
286 285 1
286 1146 1
286 1429 1
286 1569 1
286 1789 1
286 1821 1
286 2007 1
286 2078 1
286 2263 1
286 1328 1
286 2575 1
286 2605 1
286 2693 1
286 2775 1
286 2938 1
286 2966 1
286 3018 1
286 3032 1
286 3146 1
286 3654 1
286 4121 1
291 290 1
293 292 1
294 292 1
294 1645 1
297 296 1
297 428 1
299 298 1
299 1448 1
299 2362 1
305 304 1
309 308 1
309 344 1
309 600 1
309 603 1
309 832 1
309 861 1
309 1220 1
309 1321 1
309 1433 1
309 2621 1
312 311 1
312 378 1
312 466 1
312 1084 1
312 1095 1
312 1082 1
312 1676 1
312 1750 1
312 1899 1
312 2053 1
312 1096 1
312 2346 1
312 2487 1
312 2625 1
312 2799 1
312 3316 1
312 3471 1
312 3518 1
312 3704 1
312 3812 1
312 3871 1
314 313 1
317 316 1
325 324 1
325 1579 1
329 328 1
331 330 1
349 348 1
350 348 1
351 348 1
358 357 1
358 3107 1
358 3980 1
362 361 1
363 361 1
363 1425 1
363 1620 1
363 2272 1
363 3347 1
363 4282 1
363 4285 1
363 4434 1
367 366 1
368 366 1
371 370 1
373 372 1
373 620 1
373 3890 1
379 378 1
380 378 1
382 381 1
382 821 1
387 386 1
388 386 1
389 386 1
395 394 1
397 396 1
400 279 1
401 279 1
407 406 1
412 411 1
413 411 1
417 416 1
417 1283 1
420 419 1
420 1461 1
420 3008 1
422 421 1
430 429 1
435 434 1
439 438 1
439 1082 1
443 442 1
443 1021 1
443 1175 1
443 1502 1
443 1942 1
443 2233 1
443 2402 1
443 3469 1
443 4199 1
445 444 1
445 2240 1
445 3441 1
445 3823 1
445 3907 1
449 448 1
450 448 1
450 449 1
451 448 1
451 2851 1
456 455 1
459 458 1
462 461 1
462 1052 1
462 1219 1
462 1571 1
462 1841 1
462 2196 1
462 2269 1
462 2861 1
462 2976 1
462 3580 1
464 463 1
465 463 1
467 466 1
468 466 1
469 466 1
470 466 1
473 472 1
473 3313 1
473 3740 1
474 472 1
474 808 1
474 1248 1
474 1300 1
474 2704 1
474 3313 1
474 2074 1
474 3951 1
478 477 1
480 479 1
481 479 1
483 482 1
483 587 1
483 2070 1
483 2690 1
483 2880 1
483 3097 1
484 482 1
484 2070 1
484 2690 1
486 485 1
489 488 1
490 488 1
493 492 1
493 947 1
493 3658 1
495 494 1
495 677 1
495 3072 1
495 3473 1
497 496 1
498 496 1
499 496 1
500 496 1
500 2718 1
501 496 1
502 496 1
504 503 1
509 508 1
510 508 1
511 508 1
512 508 1
514 513 1
514 1006 1
514 1235 1
516 515 1
519 518 1
523 522 1
525 524 1
529 528 1
530 528 1
531 528 1
532 528 1
536 535 1
536 537 1
536 1228 1
537 535 1
537 1228 1
537 536 1
539 538 1
539 3909 1
541 540 1
546 545 1
546 853 1
546 3080 1
550 549 1
550 746 1
550 1717 1
550 3431 1
550 3769 1
554 553 1
559 558 1
565 564 1
568 567 1
568 1337 1
568 3519 1
569 567 1
569 1337 1
569 3519 1
569 4363 1
570 567 1
570 1337 1
570 3519 1
574 573 1
579 578 1
579 605 1
579 642 1
579 757 1
579 1202 1
579 1328 1
579 1472 1
579 1794 1
579 2228 1
579 2264 1
579 2401 1
579 2431 1
579 2494 1
579 2536 1
579 2619 1
579 2743 1
579 2977 1
579 3007 1
579 3149 1
579 3196 1
579 3207 1
579 3293 1
579 3348 1
581 580 1
581 1223 1
581 1320 1
581 1754 1
586 585 1
589 850 1
589 1360 1
589 591 1
590 589 1
590 850 1
590 1360 1
590 591 1
591 589 1
591 850 1
591 1360 1
594 593 1
594 2793 1
594 2931 1
594 4154 1
596 595 1
596 1257 1
596 3082 1
598 597 1
602 601 1
607 606 1
607 1554 1
607 2095 1
607 4276 1
611 610 1
611 1954 1
611 2352 1
611 3353 1
611 3437 1
611 3461 1
611 3462 1
611 3894 1
611 3932 1
611 3996 1
611 4130 1
611 4224 1
611 3957 1
611 4374 1
614 613 1
618 617 1
623 622 1
623 2344 1
623 3528 1
625 624 1
628 627 1
628 1351 1
631 630 1
639 638 1
644 643 1
648 647 1
649 647 1
650 647 1
653 652 1
653 779 1
653 802 1
653 970 1
653 987 1
653 1015 1
653 1024 1
653 1147 1
653 1206 1
653 791 1
653 1262 1
653 1483 1
653 1517 1
653 1550 1
655 654 1
658 657 1
659 657 1
662 661 1
663 661 1
672 671 1
680 679 1
685 684 1
689 688 1
689 3059 1
691 690 1
695 694 1
695 877 1
695 1600 1
695 2251 1
695 2660 1
695 2713 1
695 2833 1
695 3197 1
695 3362 1
695 3549 1
695 3561 1
695 3983 1
702 701 1
703 701 1
706 705 1
706 3151 1
706 3506 1
706 4120 1
710 709 1
718 717 1
719 717 1
719 2600 1
720 717 1
720 2600 1
720 3260 1
720 3775 1
720 3261 1
723 722 1
723 2019 1
726 725 1
726 1324 1
726 2481 1
726 2642 1
726 3202 1
728 727 1
728 1678 1
728 2085 1
728 2474 1
729 727 1
732 24 1
732 895 1
733 24 1
733 895 1
735 734 1
735 1774 1
735 3745 1
737 736 1
737 2452 1
737 3679 1
737 3703 1
737 4065 1
737 4306 1
739 738 1
741 740 1
741 3671 1
743 742 1
743 767 1
745 744 1
750 749 1
750 1051 1
750 1890 1
750 2083 1
750 2761 1
750 3077 1
752 751 1
752 2205 1
752 2769 1
752 2796 1
756 755 1
756 1913 1
756 1929 1
756 2150 1
756 2197 1
756 3332 1
756 3463 1
756 3497 1
756 3726 1
756 3956 1
756 4223 1
762 761 1
764 763 1
764 2383 1
764 2854 1
765 763 1
765 2383 1
765 2854 1
772 771 1
772 4169 1
776 775 1
776 878 1
785 784 1
785 3012 1
788 787 1
788 1407 1
788 1978 1
788 2850 1
788 2953 1
788 4093 1
793 792 1
797 796 1
798 796 1
804 803 1
809 808 1
809 1300 1
809 2074 1
809 3951 1
810 808 1
810 1300 1
810 2074 1
810 3951 1
815 814 1
816 814 1
817 814 1
817 3390 1
818 479 1
820 819 1
820 1011 1
823 822 1
823 2395 1
824 822 1
825 822 1
827 826 1
827 1580 1
827 2138 1
827 2776 1
827 2921 1
827 3389 1
827 3504 1
827 3529 1
828 279 1
828 1306 1
829 279 1
834 833 1
834 692 1
834 2398 1
834 2746 1
834 2847 1
836 835 1
836 2006 1
836 2480 1
836 2867 1
836 2927 1
836 3217 1
836 3648 1
840 839 1
841 839 1
844 843 1
844 1737 1
845 843 1
845 1737 1
845 844 1
847 846 1
849 848 1
855 854 1
855 1539 1
855 2130 1
855 2686 1
855 2841 1
855 2949 1
855 2994 1
855 3232 1
855 3501 1
855 3605 1
855 3632 1
855 3875 1
855 3962 1
855 3003 1
855 4072 1
855 4207 1
858 859 1
859 858 1
860 858 1
865 864 1
866 864 1
867 868 1
868 867 1
869 867 1
869 868 1
874 873 1
874 978 1
874 1497 1
874 1560 1
874 537 1
874 1671 1
874 536 1
874 1228 1
875 873 1
875 978 1
875 1497 1
875 1560 1
875 537 1
875 1671 1
875 536 1
875 1228 1
875 874 1
881 880 1
882 880 1
887 886 1
893 892 1
893 1522 1
893 4177 1
897 896 1
897 984 1
897 1008 1
897 1018 1
897 1240 1
897 1346 1
897 1430 1
897 1773 1
897 1783 1
897 1800 1
897 4164 1
898 896 1
898 984 1
898 1008 1
898 1018 1
898 1240 1
898 1346 1
898 1430 1
898 1773 1
898 1783 1
898 1800 1
898 4164 1
900 899 1
907 906 1
911 279 1
912 279 1
914 913 1
917 916 1
917 932 1
917 1305 1
917 1406 1
917 1542 1
917 2318 1
917 2370 1
917 3657 1
917 3725 1
918 916 1
918 932 1
918 1305 1
918 1406 1
918 1542 1
918 2318 1
918 2370 1
918 3657 1
918 3725 1
919 916 1
919 932 1
919 1305 1
919 1406 1
919 1542 1
919 1750 1
919 2318 1
919 2370 1
919 3657 1
919 3725 1
920 916 1
920 932 1
920 1305 1
920 1406 1
920 1542 1
920 1750 1
920 2318 1
920 2370 1
920 3657 1
920 3725 1
922 921 1
924 923 1
924 1236 1
924 1264 1
924 1859 1
924 2048 1
924 2303 1
924 3302 1
924 3342 1
924 3500 1
924 3618 1
924 3634 1
924 3316 1
924 3859 1
925 923 1
925 1236 1
925 1264 1
925 1859 1
925 2048 1
925 2303 1
925 3302 1
925 3342 1
925 3500 1
925 3618 1
925 3634 1
925 3316 1
925 3859 1
929 928 1
936 935 1
938 937 1
939 937 1
943 942 1
944 942 1
946 945 1
952 951 1
953 951 1
955 954 1
957 956 1
957 1592 1
957 95 1
959 958 1
960 835 1
966 965 1
972 971 1
972 954 1
974 973 1
974 2914 1
977 976 1
977 2829 1
980 979 1
980 1164 1
980 2029 1
980 2360 1
980 3065 1
983 982 1
983 1425 1
983 3306 1
989 988 1
994 993 1
994 7 1
996 995 1
997 995 1
998 995 1
999 995 1
999 1095 1
999 1082 1
999 1676 1
999 1899 1
999 2053 1
999 2107 1
999 1096 1
999 2799 1
1000 995 1
1001 995 1
1002 995 1
1010 1009 1
1013 1012 1
1016 864 1
1017 864 1
1023 1022 1
1023 3487 1
1023 3721 1
1029 1028 1
1029 4036 1
1033 1032 1
1034 1032 1
1035 1032 1
1038 1037 1
1039 1037 1
1042 1041 1
1045 1044 1
1045 1384 1
1045 1523 1
1045 2116 1
1045 2428 1
1045 2543 1
1045 2545 1
1045 3349 1
1048 1047 1
1055 1054 1
1058 1057 1
1060 1059 1
1060 1208 1
1063 1062 1
1068 1067 1
1068 1093 1
1068 1113 1
1068 1126 1
1068 4031 1
1068 4146 1
1068 4149 1
1068 4153 1
1070 1069 1
1072 1071 1
1072 2100 1
1072 3748 1
1076 795 1
1076 1358 1
1076 1684 1
1076 2345 1
1076 3304 1
1078 1077 1
1079 1077 1
1079 1759 1
1079 2019 1
1079 3419 1
1079 3855 1
1079 4203 1
1083 1082 1
1085 1084 1
1087 1086 1
1087 1990 1
1090 1082 1
1090 2014 1
1090 2040 1
1090 2216 1
1090 2247 1
1092 1091 1
1092 1387 1
1092 1823 1
1092 2254 1
1096 1095 1
1096 1082 1
1096 1676 1
1096 1899 1
1096 2053 1
1097 1095 1
1097 1082 1
1097 1676 1
1097 1899 1
1097 2053 1
1097 1096 1
1098 1095 1
1098 1082 1
1098 1676 1
1098 1899 1
1098 2053 1
1098 1096 1
1099 1095 1
1099 1082 1
1099 1676 1
1099 1899 1
1099 2053 1
1099 1096 1
1100 1095 1
1100 1082 1
1100 1676 1
1100 1899 1
1100 2053 1
1100 1096 1
1101 1095 1
1101 1082 1
1101 1676 1
1101 1899 1
1101 2053 1
1101 1096 1
1102 1095 1
1102 1082 1
1102 1676 1
1102 1899 1
1102 2053 1
1102 1096 1
1103 1095 1
1103 1082 1
1103 1676 1
1103 1899 1
1103 2053 1
1103 1096 1
1104 1095 1
1104 1082 1
1104 1676 1
1104 1899 1
1104 2053 1
1104 1096 1
1111 1110 1
1112 1110 1
1115 1114 1
1118 1117 1
1121 1120 1
1122 1120 1
1123 1120 1
1129 1128 1
1135 1134 1
1138 1137 1
1139 1137 1
1141 1140 1
1142 1082 1
1142 2046 1
1145 1144 1
1145 1498 1
1150 1149 1
1152 1082 1
1152 2047 1
1153 1082 1
1153 2047 1
1154 1082 1
1154 1444 1
1154 2047 1
1154 1333 1
1158 1157 1
1158 1770 1
1158 2919 1
1158 4294 1
1161 1160 1
1161 2643 1
1161 3682 1
1161 3714 1
1161 4009 1
1161 4123 1
1162 1160 1
1162 2643 1
1162 3682 1
1162 3714 1
1162 4009 1
1162 4123 1
1166 1165 1
1167 1082 1
1169 1168 1
1172 1171 1
1174 1173 1
1174 1608 1
1174 1963 1
1174 2169 1
1174 2246 1
1174 2270 1
1174 2635 1
1174 3033 1
1174 3621 1
1174 3629 1
1174 3664 1
1174 4236 1
1177 1176 1
1177 2018 1
1177 3231 1
1177 3600 1
1177 4012 1
1177 4410 1
1179 1178 1
1179 1199 1
1179 1225 1
1179 1503 1
1179 1593 1
1179 1868 1
1179 2755 1
1179 2792 1
1179 2805 1
1179 3088 1
1179 3236 1
1182 1178 1
1183 1178 1
1183 1182 1
1183 3372 1
1184 1178 1
1187 1186 1
1187 1570 1
1188 1443 1
1188 1687 1
1188 1727 1
1188 2249 1
1188 2737 1
1188 2853 1
1188 1193 1
1188 1189 1
1189 1188 1
1189 1443 1
1189 1687 1
1189 1727 1
1189 2249 1
1189 2737 1
1189 2853 1
1189 1193 1
1190 1188 1
1190 1443 1
1190 1687 1
1190 1727 1
1190 2249 1
1190 2737 1
1190 2853 1
1190 1193 1
1190 1189 1
1191 1188 1
1191 1443 1
1191 1687 1
1191 1727 1
1191 2249 1
1191 2737 1
1191 2853 1
1191 1193 1
1191 1189 1
1192 1188 1
1192 1443 1
1192 1687 1
1192 1727 1
1192 2249 1
1192 2737 1
1192 2853 1
1192 1193 1
1192 1189 1
1193 1188 1
1193 1443 1
1193 1687 1
1193 1727 1
1193 2249 1
1193 2737 1
1193 2853 1
1193 1189 1
1194 1188 1
1194 1443 1
1194 1687 1
1194 1727 1
1194 2249 1
1194 2737 1
1194 2853 1
1194 1193 1
1194 1189 1
1195 1188 1
1195 1443 1
1195 1687 1
1195 1727 1
1195 2249 1
1195 2737 1
1195 2853 1
1195 1193 1
1195 1189 1
1196 1188 1
1196 1443 1
1196 1687 1
1196 1727 1
1196 2249 1
1196 2737 1
1196 2853 1
1196 1193 1
1196 1189 1
1198 1197 1
1204 1203 1
1210 1209 1
1213 1212 1
1216 1215 1
1217 1215 1
1222 1221 1
1227 3003 1
1227 3903 1
1227 4046 1
1227 4106 1
1227 4299 1
1230 1229 1
1231 1229 1
1231 1230 1
1232 1229 1
1232 1230 1
1233 1229 1
1233 1230 1
1242 1241 1
1244 1082 1
1246 1203 1
1249 1248 1
1251 1082 1
1254 1253 1
1256 1255 1
1258 1257 1
1258 2304 1
1259 1257 1
1259 3614 1
1259 3807 1
1261 1260 1
1266 1265 1
1266 2641 1
1269 1268 1
1269 3706 1
1272 1271 1
1275 1274 1
1276 1274 1
1281 1203 1
1286 1285 1
1287 1285 1
1288 1082 1
1293 1292 1
1294 1292 1
1294 2368 1
1294 1293 1
1297 1296 1
1299 1298 1
1299 3372 1
1299 3810 1
1299 3957 1
1302 1301 1
1308 1307 1
1310 1309 1
1311 1309 1
1311 1310 1
1313 1312 1
1314 1312 1
1316 1315 1
1317 1315 1
1317 1316 1
1318 1315 1
1318 1316 1
1319 1315 1
1319 1316 1
1323 1322 1
1325 1324 1
1326 1324 1
1326 3309 1
1327 1324 1
1327 3309 1
1330 1329 1
1330 2374 1
1330 3208 1
1330 3209 1
1331 864 1
1334 1333 1
1335 1333 1
1341 1340 1
1344 1203 1
1350 1349 1
1350 4348 1
1352 1351 1
1359 378 1
1367 1366 1
1369 1368 1
1371 1370 1
1373 1372 1
1374 1372 1
1377 1376 1
1378 1376 1
1379 1203 1
1383 1382 1
1383 2764 1
1392 1391 1
1394 1393 1
1396 1395 1
1401 1400 1
1404 1203 1
1415 1414 1
1415 1698 1
1415 2088 1
1415 2236 1
1415 3759 1
1422 1421 1
1423 1421 1
1424 1421 1
1426 1425 1
1427 1425 1
1435 1434 1
1440 1439 1
1441 1439 1
1441 1440 1
1442 1439 1
1442 1440 1
1445 1444 1
1446 1444 1
1446 2851 1
1447 1444 1
1450 1449 1
1452 1451 1
1453 1451 1
1459 1458 1
1460 1458 1
1463 1462 1
1466 1465 1
1466 2937 1
1466 3301 1
1466 4331 1
1469 1468 1
1469 1949 1
1469 3105 1
1474 1473 1
1474 1626 1
1474 1808 1
1474 1300 1
1474 3144 1
1474 3242 1
1478 1477 1
1480 1203 1
1485 1484 1
1486 1484 1
1487 1484 1
1488 1484 1
1489 1484 1
1490 1484 1
1491 1484 1
1492 1484 1
1500 1499 1
1501 1499 1
1505 1504 1
1505 1964 1
1508 1507 1
1512 1511 1
1512 3800 1
1514 1513 1
1514 3159 1
1514 4444 1
1516 1515 1
1516 3782 1
1519 1518 1
1521 1520 1
1521 2191 1
1521 2516 1
1521 2592 1
1521 2878 1
1521 3081 1
1521 392 1
1529 1528 1
1531 1530 1
1535 1534 1
1544 1543 1
1545 1543 1
1548 1547 1
1557 1556 1
1562 1561 1
1563 1561 1
1572 4251 1
1575 1574 1
1576 1574 1
1578 1577 1
1578 2710 1
1585 1584 1
1588 1587 1
1590 545 1
1595 1594 1
1598 1597 1
1598 2511 1
1598 2576 1
1598 3218 1
1598 3278 1
1598 3781 1
1598 1599 1
1599 1597 1
1599 2511 1
1599 2576 1
1599 3218 1
1599 3278 1
1599 3781 1
1599 1598 1
1602 1601 1
1603 1601 1
1604 1601 1
1604 2625 1
1604 3316 1
1604 3871 1
1604 4336 1
1611 1610 1
1613 1612 1
1613 2112 1
1615 1614 1
1615 3314 1
1616 1614 1
1616 3213 1
1616 3314 1
1618 1617 1
1622 1621 1
1623 1621 1
1628 1627 1
1629 1627 1
1629 1938 1
1631 1630 1
1637 1636 1
1638 1203 1
1640 1639 1
1641 1639 1
1643 1642 1
1643 1891 1
1643 2026 1
1643 2137 1
1643 2250 1
1643 2620 1
1643 2645 1
1643 2866 1
1646 1645 1
1650 1649 1
1652 1651 1
1654 1653 1
1656 1655 1
1658 1657 1
1662 1661 1
1663 1661 1
1669 1668 1
1679 1678 1
1679 2085 1
1679 2474 1
1681 1680 1
1682 1680 1
1690 1203 1
1693 1692 1
1693 2074 1
1697 1696 1
1701 1700 1
1702 1700 1
1705 1082 1
1707 1706 1
1709 1708 1
1711 1710 1
1714 1713 1
1716 1715 1
1721 1720 1
1721 2648 1
1722 1720 1
1724 1723 1
1728 1203 1
1730 1729 1
1732 1731 1
1733 1731 1
1739 1738 1
1739 2245 1
1739 4259 1
1740 1738 1
1740 2245 1
1740 4259 1
1741 1738 1
1741 2245 1
1741 4259 1
1742 1738 1
1742 2245 1
1742 4259 1
1743 1738 1
1743 2245 1
1743 4259 1
1745 1744 1
1746 1744 1
1748 1747 1
1748 2821 1
1748 3016 1
1751 1750 1
1752 1750 1
1760 1759 1
1761 1759 1
1762 1759 1
1777 1776 1
1777 3264 1
1777 4050 1
1777 4108 1
1777 4124 1
1777 4220 1
1785 1784 1
1787 1786 1
1788 1203 1
1791 1790 1
1796 1795 1
1803 1802 1
1803 1983 1
1803 3004 1
1811 1203 1
1813 1812 1
1816 1815 1
1827 1826 1
1830 1829 1
1830 1600 1
1834 1833 1
1834 2983 1
1842 1203 1
1845 1844 1
1846 1844 1
1848 1847 1
1850 1849 1
1850 3333 1
1850 3417 1
1850 4312 1
1851 1849 1
1851 3333 1
1851 3417 1
1851 1850 1
1851 4312 1
1852 1849 1
1852 3333 1
1852 3417 1
1852 1850 1
1852 4312 1
1856 1855 1
1858 1857 1
1861 1860 1
1863 1862 1
1863 2122 1
1863 2349 1
1863 3720 1
1863 3912 1
1863 4033 1
1863 4314 1
1863 4421 1
1865 1864 1
1866 1864 1
1874 1875 1
1875 1874 1
1876 1874 1
1876 1875 1
1877 1874 1
1877 1875 1
1878 1874 1
1878 1875 1
1879 1874 1
1879 1875 1
1880 1874 1
1880 1875 1
1881 1874 1
1881 1875 1
1882 1874 1
1882 1875 1
1883 1874 1
1883 1875 1
1884 1874 1
1884 1875 1
1885 1874 1
1885 1875 1
1886 1203 1
1888 1887 1
1888 2386 1
1889 1887 1
1889 2386 1
1894 1893 1
1895 1893 1
1895 2079 1
1898 1897 1
1901 1900 1
1904 1903 1
1904 2661 1
1904 2980 1
1904 3043 1
1904 3476 1
1904 3513 1
1908 1907 1
1908 4198 1
1916 1915 1
1918 1917 1
1918 1952 1
1918 3198 1
1918 4324 1
1924 1923 1
1924 3201 1
1926 1925 1
1931 1930 1
1931 2011 1
1931 4267 1
1935 42 1
1936 42 1
1937 42 1
1939 1938 1
1943 1203 1
1946 1945 1
1956 1955 1
1956 2175 1
1956 2340 1
1959 1958 1
1960 1958 1
1961 1958 1
1966 1965 1
1969 1968 1
1972 1971 1
1972 2342 1
1972 2935 1
1972 3156 1
1975 1974 1
1976 1203 1
1982 1981 1
1986 1985 1
1987 1985 1
1995 1994 1
1997 1996 1
1997 2311 1
1998 1996 1
1998 2311 1
1999 1996 1
1999 2311 1
2003 2002 1
2023 2022 1
2024 2022 1
2028 2027 1
2028 2529 1
2028 2597 1
2028 3768 1
2030 1203 1
2035 2034 1
2035 4435 1
2042 2041 1
2042 3326 1
2052 2051 1
2052 2224 1
2052 2523 1
2052 2884 1
2052 3190 1
2052 4347 1
2055 2054 1
2056 1203 1
2060 2059 1
2065 2064 1
2069 2068 1
2072 2071 1
2072 2745 1
2077 2076 1
2080 2079 1
2081 2079 1
2082 2079 1
2087 2086 1
2091 2090 1
2092 2090 1
2092 2625 1
2092 3316 1
2092 3871 1
2097 2096 1
2097 2232 1
2097 2268 1
2097 3035 1
2104 1329 1
2105 1329 1
2106 1329 1
2108 2107 1
2109 2107 1
2113 1203 1
2117 1760 1
2118 1760 1
2119 1760 1
2125 2124 1
2125 2835 1
2127 2126 1
2128 2126 1
2134 2133 1
2135 2133 1
2136 2133 1
2142 2141 1
2148 2147 1
2149 2133 1
2153 2152 1
2154 2152 1
2155 2152 1
2159 1203 1
2164 2163 1
2165 2163 1
2165 2164 1
2168 2167 1
2172 2171 1
2174 2173 1
2178 2177 1
2181 2180 1
2182 2180 1
2185 2184 1
2186 2187 1
2187 2186 1
2189 2188 1
2195 2194 1
2195 2591 1
2204 2203 1
2204 3172 1
2204 3930 1
2206 2161 1
2208 2207 1
2209 1203 1
2211 2210 1
2211 3235 1
2211 3366 1
2211 4126 1
2214 2213 1
2214 2218 1
2214 3533 1
2215 2213 1
2215 2218 1
2215 3533 1
2220 2219 1
2227 2226 1
2230 2229 1
2231 2229 1
2239 1203 1
2242 2241 1
2253 2252 1
2259 2258 1
2259 2610 1
2261 2260 1
2261 3722 1
2261 3810 1
2265 1203 1
2273 2272 1
2273 3347 1
2273 3858 1
2273 4282 1
2273 4285 1
2273 4434 1
2278 2277 1
2281 2280 1
2281 2293 1
2292 2291 1
2292 3692 1
2292 4032 1
2292 4096 1
2292 4222 1
2292 4356 1
2296 2295 1
2297 2295 1
2298 2295 1
2299 2295 1
2300 2295 1
2305 2304 1
2307 2306 1
2308 2306 1
2316 2315 1
2316 3740 1
2320 2319 1
2327 2326 1
2329 2328 1
2338 2337 1
2339 2337 1
2350 2349 1
2357 2356 1
2364 2363 1
2375 2374 1
2378 2377 1
2382 2381 1
2384 2383 1
2389 2388 1
2392 2391 1
2393 2391 1
2396 2395 1
2397 2395 1
2397 4131 1
2404 2403 1
2412 2411 1
2412 2681 1
2412 2936 1
2420 2419 1
2421 2419 1
2422 2419 1
2434 2433 1
2436 2435 1
2437 2435 1
2439 2438 1
2445 2444 1
2447 2446 1
2447 4135 1
2458 2457 1
2461 2460 1
2462 2460 1
2464 2463 1
2466 2465 1
2466 3961 1
2467 2465 1
2467 3961 1
2470 2469 1
2471 2469 1
2472 2469 1
2476 2475 1
2483 2482 1
2484 2482 1
2485 2482 1
2488 2487 1
2488 3518 1
2490 2489 1
2491 2489 1
2493 2184 1
2499 2498 1
2500 2498 1
2507 2506 1
2507 3718 1
2509 2508 1
2513 2512 1
2521 2520 1
2527 2526 1
2528 2526 1
2531 2530 1
2542 2541 1
2549 2548 1
2553 2552 1
2555 2554 1
2556 2554 1
2558 2557 1
2560 2559 1
2560 3306 1
2561 2559 1
2561 3306 1
2564 2563 1
2564 3123 1
2565 2563 1
2565 3123 1
2566 2563 1
2566 3123 1
2582 2581 1
2584 2583 1
2602 2601 1
2604 2603 1
2607 2606 1
2613 2612 1
2613 2926 1
2613 3608 1
2613 3862 1
2613 3880 1
2613 1300 1
2615 2614 1
2615 2632 1
2615 2703 1
2615 3147 1
2615 3181 1
2617 2616 1
2624 2623 1
2624 3025 1
2626 2625 1
2626 3316 1
2626 3871 1
2630 2629 1
2638 2637 1
2649 2648 1
2651 2650 1
2656 2655 1
2658 2657 1
2659 2657 1
2664 2663 1
2667 2666 1
2669 2668 1
2669 3548 1
2673 2672 1
2676 2675 1
2680 2679 1
2683 2682 1
2684 2682 1
2689 2688 1
2697 2696 1
2697 4007 1
2697 4239 1
2697 4342 1
2698 2696 1
2698 4007 1
2698 4239 1
2698 4342 1
2699 2696 1
2699 4007 1
2699 4239 1
2699 4342 1
2705 2704 1
2706 2704 1
2708 2707 1
2709 2702 1
2715 2714 1
2719 2718 1
2720 2718 1
2721 2718 1
2726 2725 1
2728 2727 1
2731 2730 1
2731 3882 1
2739 2738 1
2750 2749 1
2751 2749 1
2757 2756 1
2759 2758 1
2760 2758 1
2763 2762 1
2765 2764 1
2767 2766 1
2767 4244 1
2771 2770 1
2778 2777 1
2778 4219 1
2786 2785 1
2787 2785 1
2790 2789 1
2800 2799 1
2808 2807 1
2809 2318 1
2811 2810 1
2812 2810 1
2814 2813 1
2823 2822 1
2827 2826 1
2827 3807 1
2827 4403 1
2832 2831 1
2834 2833 1
2838 2837 1
2839 2837 1
2843 2842 1
2845 2844 1
2852 2851 1
2859 2858 1
2863 2674 1
2863 3693 1
2864 2674 1
2864 3693 1
2865 2674 1
2865 3693 1
2876 2875 1
2883 2882 1
2888 2887 1
2894 2893 1
2894 3475 1
2896 2895 1
2898 2897 1
2899 1968 1
2900 1968 1
2905 2904 1
2917 2916 1
2924 2923 1
2924 3074 1
2925 2923 1
2941 187 1
2943 2942 1
2945 2944 1
2946 2583 1
2955 2954 1
2955 3669 1
2956 2954 1
2962 2961 1
2963 2961 1
2971 2970 1
2974 2973 1
2975 2973 1
2985 2984 1
2985 2285 1
2985 4085 1
2988 2987 1
2988 3622 1
2989 2987 1
2989 3622 1
2989 3396 1
2990 2987 1
2990 3622 1
2997 2996 1
3011 3010 1
3015 3014 1
3023 3022 1
3023 3024 1
3024 3022 1
3031 3030 1
3037 3036 1
3038 3036 1
3042 3041 1
3046 3045 1
3047 3045 1
3055 3054 1
3056 3054 1
3062 3061 1
3068 3067 1
3071 3070 1
3071 3364 1
3075 3074 1
3075 3185 1
3075 3321 1
3083 3082 1
3084 3082 1
3085 3082 1
3087 3086 1
3090 3089 1
3090 3265 1
3095 3094 1
3099 3098 1
3103 3102 1
3110 3109 1
3114 3113 1
3116 3115 1
3126 3125 1
3128 3127 1
3131 3130 1
3133 3132 1
3134 3132 1
3136 3135 1
3140 3139 1
3143 3142 1
3162 3161 1
3163 3161 1
3165 3164 1
3166 3164 1
3167 3164 1
3168 3164 1
3169 3164 1
3170 3164 1
3174 3173 1
3177 3176 1
3177 3241 1
3177 4071 1
3177 4076 1
3184 3183 1
3186 3185 1
3186 3321 1
3187 3185 1
3187 3321 1
3192 3191 1
3192 3867 1
3200 3199 1
3206 3205 1
3206 3268 1
3209 3208 1
3214 3213 1
3215 3213 1
3216 3213 1
3222 3221 1
3222 4400 1
3224 3223 1
3224 3635 1
3226 3225 1
3227 3225 1
3230 3229 1
3234 3233 1
3240 3239 1
3245 3244 1
3247 3246 1
3250 3249 1
3251 3249 1
3254 3253 1
3261 3260 1
3261 3775 1
3267 3266 1
3272 3271 1
3275 3274 1
3283 3282 1
3286 3285 1
3288 3287 1
3291 3290 1
3291 775 1
3295 3294 1
3296 3294 1
3299 3298 1
3307 3306 1
3308 3306 1
3310 3309 1
3323 3322 1
3325 3324 1
3331 3330 1
3331 3793 1
3338 3337 1
3340 3339 1
3355 3354 1
3358 3357 1
3361 3360 1
3370 3369 1
3373 3372 1
3374 3372 1
3377 3376 1
3378 3376 1
3379 3376 1
3381 3380 1
3382 3380 1
3386 3385 1
3387 3385 1
3391 3390 1
3392 3390 1
3393 3390 1
3394 3390 1
3397 3396 1
3398 3396 1
3399 3396 1
3400 3396 1
3404 3403 1
3406 945 1
3409 3408 1
3410 3408 1
3411 3408 1
3412 3408 1
3421 3420 1
3423 3422 1
3435 3434 1
3436 3434 1
3439 3438 1
3440 3438 1
3445 3444 1
3448 3447 1
3449 3447 1
3451 3450 1
3453 3452 1
3458 3457 1
3460 3459 1
3467 3466 1
3479 3478 1
3482 3481 1
3483 3481 1
3489 3488 1
3490 3488 1
3491 3488 1
3494 3493 1
3502 3452 1
3508 3507 1
3509 3507 1
3517 3516 1
3521 3520 1
3525 3524 1
3526 3524 1
3535 3534 1
3538 3537 1
3540 3539 1
3547 3347 1
3547 3858 1
3555 3554 1
3556 3554 1
3568 3567 1
3570 3569 1
3576 3575 1
3576 3978 1
3579 3578 1
3582 3581 1
3584 3583 1
3588 3587 1
3589 3587 1
3590 3587 1
3591 3587 1
3596 3595 1
3599 3107 1
3603 3602 1
3615 3614 1
3616 3614 1
3620 3619 1
3637 3636 1
3638 3636 1
3639 3636 1
3640 3636 1
3643 3642 1
3643 4069 1
3645 3644 1
3651 3650 1
3656 3655 1
3660 3659 1
3661 3659 1
3662 3659 1
3663 3659 1
3668 3667 1
3670 3669 1
3678 3677 1
3684 3683 1
3685 3683 1
3686 3683 1
3687 3683 1
3688 3683 1
3689 3683 1
3696 3695 1
3698 3697 1
3705 3704 1
3707 3706 1
3709 3708 1
3710 3708 1
3711 3708 1
3713 3712 1
3723 3722 1
3729 3728 1
3730 3728 1
3732 3731 1
3734 3733 1
3738 3737 1
3747 3746 1
3749 1203 1
3752 3751 1
3754 3753 1
3757 3756 1
3758 3756 1
3765 3764 1
3765 4092 1
3767 1203 1
3771 3770 1
3774 3773 1
3778 3777 1
3779 3777 1
3780 3777 1
3786 3785 1
3787 3785 1
3787 3786 1
3788 3785 1
3788 3786 1
3791 1203 1
3796 3795 1
3798 3797 1
3798 4151 1
3799 3797 1
3799 4151 1
3801 3800 1
3802 3800 1
3804 3803 1
3806 3805 1
3808 3807 1
3811 3810 1
3813 3812 1
3814 3812 1
3815 3812 1
3816 3812 1
3819 3818 1
3820 3818 1
3821 3818 1
3824 1203 1
3828 3827 1
3829 3827 1
3832 3831 1
3836 3835 1
3836 4081 1
3837 3835 1
3837 4081 1
3837 4416 1
3843 3842 1
3844 1203 1
3848 3847 1
3851 3850 1
3853 3852 1
3861 3860 1
3869 3868 1
3874 1203 1
3877 3420 1
3885 3884 1
3896 3586 1
3901 3900 1
3908 3907 1
3917 3916 1
3918 3916 1
3919 3916 1
3920 3396 1
3921 3396 1
3925 3924 1
3925 4134 1
3925 4156 1
3925 4313 1
3925 4409 1
3928 3325 1
3931 1203 1
3934 3933 1
3937 3936 1
3939 3938 1
3940 3938 1
3942 3941 1
3948 3947 1
3949 3947 1
3950 3947 1
3953 1203 1
3966 3965 1
3968 3967 1
3973 1203 1
3975 3974 1
3981 3980 1
3984 3985 1
3985 3984 1
3986 3984 1
3986 3985 1
3990 1203 1
3993 3992 1
4000 3999 1
4001 3999 1
4003 4002 1
4017 4016 1
4021 4020 1
4022 4020 1
4027 4026 1
4029 1203 1
4034 4033 1
4042 4041 1
4049 4048 1
4049 4353 1
4054 1203 1
4055 775 1
4057 4056 1
4058 4056 1
4063 4062 1
4074 4073 1
4078 4077 1
4079 31 1
4083 4082 1
4087 4086 1
4095 4094 1
4110 4109 1
4111 4109 1
4112 4109 1
4114 4113 1
4114 4265 1
4117 4116 1
4128 4127 1
4129 1203 1
4138 4137 1
4140 4139 1
4141 4139 1
4143 4142 1
4144 4142 1
4145 4142 1
4148 4147 1
4155 1203 1
4161 4160 1
4162 4160 1
4163 4160 1
4167 4166 1
4171 4170 1
4173 3938 1
4179 4178 1
4180 4178 1
4182 1203 1
4187 4186 1
4195 4194 1
4196 4194 1
4197 4194 1
4202 4201 1
4204 4203 1
4209 1203 1
4211 4210 1
4227 3360 1
4232 4231 1
4233 1203 1
4235 4234 1
4242 4241 1
4247 4246 1
4253 4252 1
4255 1203 1
4258 4257 1
4264 4263 1
4271 4270 1
4272 4270 1
4273 4270 1
4274 4270 1
4278 1203 1
4281 4280 1
4287 4286 1
4289 3938 1
4290 3938 1
4301 4300 1
4303 4302 1
4304 4302 1
4311 4310 1
4315 4314 1
4319 4318 1
4322 4321 1
4326 4325 1
4337 4336 1
4338 4336 1
4339 4336 1
4340 4336 1
4341 4336 1
4350 4349 1
4358 4357 1
4361 4360 1
4364 4363 1
4366 4365 1
4367 4365 1
4369 4368 1
4371 4370 1
4381 4380 1
4382 4380 1
4388 4387 1
4390 4389 1
4394 4393 1
4396 4395 1
4396 4397 1
4404 4403 1
4405 4403 1
4417 4416 1
4420 4419 1
4422 4421 1
4424 4423 1
4425 4423 1
4428 4427 1
4429 4427 1
4430 4427 1
4431 4427 1
4432 4427 1
4433 4427 1
4439 4438 1
4442 4441 1
