1 2 1
3 4 1
5 6 1
5 7 1
6 18 1
6 7 1
6 19 1
6 20 1
6 21 1
6 22 1
6 23 1
6 24 1
6 25 1
6 153 1
6 152 1
6 154 1
6 155 1
6 156 1
6 8 1
8 6 1
8 7 1
10 11 1
12 13 1
14 15 1
16 17 1
18 6 1
18 7 1
18 19 1
18 20 1
18 21 1
18 22 1
18 23 1
18 24 1
18 25 1
20 1289 1
20 1290 1
21 6 1
21 7 1
21 1289 1
21 1290 1
21 20 1
22 1289 1
22 1290 1
22 20 1
26 27 1
26 1609 1
28 29 1
30 31 1
32 6 1
32 7 1
33 34 1
35 36 1
37 6 1
37 7 1
39 11 1
40 11 1
41 42 1
43 42 1
44 45 1
46 6 1
46 7 1
47 48 1
49 2 1
50 51 1
52 1507 1
53 54 1
55 56 1
57 58 1
57 59 1
58 59 1
58 1316 1
60 9 1
61 62 1
63 1560 1
64 68 1
65 13 1
66 67 1
68 64 1
69 70 1
71 72 1
73 48 1
74 13 1
75 4 1
76 77 1
78 77 1
79 77 1
80 81 1
82 83 1
84 85 1
86 81 1
87 67 1
87 330 1
88 85 1
89 90 1
90 1859 1
91 72 1
92 93 1
94 95 1
96 97 1
98 48 1
99 100 1
101 72 1
102 103 1
102 104 1
102 105 1
103 104 1
104 103 1
104 105 1
105 103 1
105 104 1
106 107 1
108 103 1
108 104 1
108 105 1
109 72 1
110 111 1
110 1504 1
112 111 1
112 311 1
112 312 1
112 313 1
112 310 1
112 314 1
113 103 1
113 104 1
113 105 1
114 17 1
115 72 1
116 48 1
119 34 1
120 93 1
120 107 1
121 122 1
123 85 1
124 4 1
125 4 1
126 48 1
127 107 1
128 48 1
129 48 1
130 48 1
131 85 1
132 133 1
132 172 1
132 182 1
132 489 1
132 589 1
132 1339 1
132 1354 1
132 1448 1
132 1508 1
132 1624 1
132 1657 1
134 48 1
135 48 1
136 137 1
138 85 1
139 48 1
139 1534 1
139 204 1
139 279 1
140 107 1
141 48 1
142 85 1
143 48 1
144 85 1
145 85 1
146 48 1
147 48 1
147 190 1
147 191 1
147 192 1
147 193 1
147 204 1
147 428 1
147 491 1
147 492 1
147 493 1
147 494 1
147 745 1
147 882 1
147 883 1
147 884 1
147 885 1
147 1388 1
147 1534 1
147 279 1
147 1424 1
147 1425 1
147 1426 1
148 72 1
149 72 1
150 72 1
151 48 1
152 153 1
152 6 1
152 18 1
152 25 1
152 23 1
152 154 1
152 155 1
152 156 1
152 8 1
153 6 1
153 18 1
153 25 1
153 23 1
153 152 1
153 154 1
153 155 1
153 156 1
157 158 1
159 160 1
159 161 1
159 162 1
159 276 1
159 252 1
159 325 1
159 494 1
160 161 1
160 162 1
160 276 1
160 252 1
160 325 1
161 160 1
161 162 1
161 276 1
161 252 1
161 325 1
161 494 1
162 160 1
162 161 1
162 276 1
162 252 1
162 325 1
162 494 1
162 1892 1
163 4 1
164 72 1
165 72 1
166 4 1
167 72 1
168 72 1
169 72 1
170 72 1
171 153 1
171 6 1
171 18 1
171 25 1
171 23 1
171 152 1
171 154 1
171 155 1
171 156 1
171 8 1
173 174 1
175 176 1
177 178 1
179 153 1
179 6 1
179 18 1
179 25 1
179 23 1
179 152 1
179 154 1
179 155 1
179 156 1
179 8 1
180 4 1
183 184 1
185 107 1
186 187 1
186 188 1
186 1143 1
187 188 1
187 1143 1
189 190 1
189 191 1
189 192 1
189 193 1
190 191 1
190 192 1
190 279 1
190 204 1
190 280 1
190 281 1
190 221 1
190 947 1
190 948 1
193 190 1
193 191 1
193 192 1
194 17 1
195 196 1
197 196 1
198 196 1
198 363 1
199 200 1
201 202 1
203 204 1
205 190 1
205 191 1
205 192 1
205 193 1
206 4 1
208 204 1
209 4 1
210 211 1
212 187 1
212 188 1
213 103 1
213 104 1
213 105 1
214 215 1
216 215 1
217 215 1
218 219 1
220 221 1
222 4 1
223 132 1
224 225 1
226 160 1
226 161 1
226 162 1
227 103 1
227 104 1
227 105 1
228 83 1
229 225 1
230 132 1
231 4 1
232 233 1
234 204 1
235 204 1
236 160 1
236 161 1
236 162 1
236 276 1
236 252 1
236 325 1
236 494 1
237 238 1
239 240 1
241 52 1
242 204 1
243 244 1
245 122 1
246 247 1
248 160 1
248 161 1
248 162 1
249 4 1
250 251 1
252 160 1
252 161 1
252 162 1
252 276 1
252 325 1
252 494 1
253 17 1
254 233 1
255 17 1
256 200 1
257 258 1
257 1827 1
259 260 1
261 4 1
262 83 1
263 204 1
265 266 1
267 176 1
267 811 1
267 812 1
268 269 1
270 95 1
271 95 1
272 158 1
274 95 1
275 95 1
276 160 1
276 161 1
276 162 1
276 252 1
276 325 1
276 494 1
277 278 1
282 233 1
283 233 1
284 215 1
285 44 1
285 45 1
286 200 1
287 44 1
287 45 1
288 289 1
290 202 1
291 292 1
293 17 1
294 202 1
295 296 1
297 160 1
297 161 1
297 162 1
297 494 1
297 1359 1
297 276 1
297 325 1
298 299 1
298 300 1
301 233 1
302 303 1
304 233 1
305 306 1
307 103 1
307 104 1
307 105 1
308 200 1
309 160 1
309 161 1
309 162 1
309 494 1
309 1892 1
310 311 1
310 312 1
310 313 1
310 314 1
311 111 1
311 310 1
314 311 1
314 312 1
314 313 1
314 310 1
315 200 1
316 317 1
316 318 1
316 691 1
316 427 1
319 200 1
319 1256 1
319 1534 1
319 204 1
319 279 1
320 233 1
321 103 1
321 104 1
321 105 1
322 160 1
322 161 1
322 162 1
323 103 1
323 104 1
323 105 1
324 103 1
324 104 1
324 105 1
325 160 1
325 161 1
325 162 1
325 276 1
325 252 1
325 494 1
326 233 1
327 233 1
328 247 1
329 330 1
331 332 1
333 233 1
334 330 1
335 330 1
335 565 1
335 67 1
336 337 1
337 336 1
338 330 1
339 330 1
340 103 1
340 104 1
340 105 1
341 342 1
343 103 1
343 104 1
343 105 1
344 345 1
346 160 1
346 161 1
346 162 1
346 276 1
346 252 1
346 325 1
346 494 1
347 348 1
349 103 1
349 104 1
349 105 1
350 351 1
352 351 1
353 311 1
353 312 1
353 313 1
353 310 1
353 314 1
354 355 1
356 269 1
357 351 1
358 240 1
359 351 1
360 342 1
361 345 1
362 363 1
364 311 1
364 312 1
364 313 1
364 310 1
364 314 1
365 233 1
366 233 1
367 368 1
369 233 1
370 233 1
371 372 1
373 363 1
374 375 1
374 376 1
374 377 1
375 376 1
378 342 1
379 380 1
381 382 1
383 160 1
383 161 1
383 162 1
383 276 1
383 325 1
384 342 1
386 345 1
387 345 1
388 345 1
389 390 1
391 342 1
392 345 1
393 100 1
394 160 1
394 161 1
394 162 1
394 276 1
394 252 1
394 325 1
394 494 1
395 345 1
396 397 1
398 355 1
399 400 1
400 648 1
400 550 1
400 649 1
400 650 1
400 651 1
400 652 1
400 878 1
401 402 1
403 402 1
404 67 1
405 406 1
407 372 1
408 202 1
409 410 1
410 409 1
411 107 1
412 107 1
413 202 1
414 415 1
416 380 1
417 345 1
418 380 1
419 380 1
420 421 1
422 423 1
424 423 1
425 423 1
426 427 1
429 430 1
431 415 1
432 372 1
433 434 1
435 375 1
435 376 1
435 377 1
436 434 1
437 421 1
437 528 1
438 439 1
440 428 1
441 442 1
443 444 1
445 446 1
447 342 1
448 202 1
449 202 1
450 451 1
450 452 1
450 1799 1
451 452 1
451 1799 1
453 202 1
454 202 1
455 342 1
456 457 1
458 202 1
459 342 1
460 342 1
461 342 1
462 463 1
464 202 1
465 466 1
467 247 1
468 342 1
469 342 1
470 247 1
471 466 1
471 1001 1
472 342 1
473 342 1
474 342 1
475 342 1
476 247 1
477 478 1
477 479 1
477 480 1
477 847 1
477 856 1
478 479 1
478 480 1
481 482 1
483 484 1
485 247 1
486 487 1
488 247 1
490 491 1
490 492 1
490 493 1
490 494 1
491 492 1
491 493 1
491 494 1
495 496 1
497 202 1
498 499 1
501 499 1
502 400 1
503 504 1
505 506 1
507 508 1
509 510 1
511 512 1
513 514 1
515 400 1
516 517 1
517 306 1
518 519 1
520 521 1
520 522 1
520 523 1
524 400 1
525 400 1
526 527 1
529 530 1
529 67 1
531 532 1
533 400 1
533 550 1
534 528 1
535 536 1
537 538 1
539 540 1
541 400 1
542 543 1
544 545 1
547 122 1
548 549 1
550 400 1
550 551 1
550 552 1
553 540 1
554 400 1
555 400 1
555 550 1
556 400 1
557 558 1
559 400 1
559 550 1
560 400 1
561 400 1
562 400 1
563 400 1
564 400 1
564 650 1
564 550 1
564 649 1
564 648 1
564 651 1
564 652 1
565 530 1
566 122 1
567 53 1
568 569 1
570 571 1
572 122 1
573 545 1
574 545 1
575 540 1
576 577 1
576 578 1
579 540 1
580 540 1
581 540 1
582 540 1
583 584 1
585 540 1
586 587 1
588 17 1
590 540 1
591 592 1
594 540 1
595 530 1
595 688 1
596 122 1
597 598 1
597 599 1
597 600 1
597 601 1
597 602 1
597 603 1
602 597 1
602 598 1
602 599 1
604 605 1
604 606 1
604 607 1
604 608 1
604 609 1
604 610 1
604 611 1
605 606 1
605 607 1
605 608 1
605 609 1
605 610 1
612 605 1
612 606 1
612 607 1
612 608 1
612 609 1
612 610 1
612 611 1
613 434 1
614 615 1
614 616 1
615 616 1
617 618 1
619 620 1
621 622 1
623 434 1
624 434 1
625 530 1
626 627 1
628 627 1
629 122 1
630 530 1
631 530 1
632 122 1
633 634 1
633 635 1
634 635 1
636 637 1
638 637 1
639 637 1
640 637 1
641 642 1
643 530 1
644 645 1
646 530 1
646 1643 1
647 530 1
648 400 1
648 550 1
648 649 1
648 650 1
648 651 1
648 652 1
649 400 1
649 550 1
650 400 1
650 550 1
650 649 1
650 648 1
650 651 1
650 652 1
652 400 1
652 550 1
653 605 1
653 606 1
653 607 1
653 608 1
653 609 1
653 610 1
653 611 1
654 530 1
655 656 1
656 910 1
657 658 1
659 660 1
661 662 1
663 664 1
665 615 1
665 616 1
667 664 1
668 645 1
669 260 1
670 605 1
670 606 1
670 607 1
670 608 1
670 609 1
670 610 1
670 611 1
671 672 1
671 673 1
674 675 1
676 615 1
676 616 1
677 678 1
679 605 1
679 606 1
679 607 1
679 608 1
679 609 1
679 610 1
679 611 1
680 681 1
682 107 1
683 684 1
685 430 1
686 258 1
687 688 1
689 690 1
689 1054 1
689 1722 1
690 689 1
690 1054 1
692 650 1
692 400 1
692 550 1
692 649 1
692 648 1
692 651 1
692 652 1
693 499 1
694 400 1
694 550 1
695 17 1
696 400 1
696 550 1
697 698 1
697 809 1
699 700 1
701 240 1
702 615 1
702 616 1
703 704 1
705 704 1
706 645 1
707 83 1
708 709 1
709 708 1
710 711 1
710 712 1
710 713 1
714 715 1
716 549 1
717 645 1
718 675 1
719 645 1
720 715 1
721 158 1
722 723 1
722 593 1
724 240 1
725 681 1
726 645 1
727 645 1
728 645 1
729 681 1
730 634 1
730 635 1
730 690 1
731 732 1
733 158 1
734 107 1
735 736 1
735 1612 1
737 107 1
738 735 1
738 736 1
739 107 1
740 107 1
741 240 1
742 743 1
744 745 1
744 765 1
746 700 1
747 700 1
748 732 1
749 732 1
750 732 1
751 752 1
753 684 1
754 755 1
754 756 1
755 756 1
757 758 1
759 700 1
760 761 1
762 763 1
764 765 1
766 700 1
767 52 1
768 769 1
770 700 1
772 773 1
774 763 1
775 700 1
776 700 1
777 700 1
778 363 1
779 178 1
780 765 1
782 634 1
782 635 1
783 784 1
785 765 1
786 787 1
788 593 1
788 723 1
789 260 1
790 791 1
790 792 1
790 793 1
790 794 1
790 1403 1
791 792 1
791 790 1
791 793 1
791 794 1
795 260 1
796 763 1
797 107 1
798 276 1
798 252 1
798 325 1
798 162 1
798 160 1
798 161 1
798 494 1
798 1881 1
799 763 1
800 107 1
801 158 1
802 803 1
804 805 1
806 765 1
806 1639 1
806 1426 1
807 765 1
808 634 1
808 635 1
810 811 1
810 812 1
811 942 1
811 812 1
811 267 1
811 937 1
811 943 1
811 944 1
811 945 1
811 946 1
812 811 1
813 805 1
813 804 1
814 805 1
814 804 1
815 656 1
816 817 1
818 107 1
819 820 1
819 827 1
821 276 1
821 252 1
821 325 1
821 162 1
821 160 1
821 161 1
821 494 1
822 656 1
823 824 1
825 276 1
825 252 1
825 325 1
825 162 1
826 819 1
826 827 1
828 829 1
830 765 1
831 258 1
832 158 1
833 765 1
833 1639 1
833 1426 1
834 805 1
834 804 1
835 805 1
835 804 1
836 158 1
837 805 1
837 804 1
838 158 1
839 107 1
840 805 1
840 804 1
841 276 1
841 252 1
841 325 1
841 162 1
842 67 1
843 844 1
845 846 1
848 849 1
848 850 1
851 852 1
851 1298 1
853 854 1
855 856 1
857 858 1
859 83 1
860 858 1
861 862 1
863 864 1
865 866 1
867 107 1
868 276 1
868 252 1
868 325 1
868 162 1
869 517 1
870 811 1
870 812 1
871 866 1
872 276 1
872 252 1
872 325 1
872 162 1
872 160 1
872 161 1
873 517 1
873 538 1
873 1623 1
874 875 1
877 784 1
879 846 1
879 1259 1
880 881 1
882 883 1
882 884 1
884 882 1
884 883 1
884 885 1
886 882 1
886 883 1
886 884 1
886 885 1
887 811 1
887 812 1
888 889 1
890 891 1
892 893 1
894 784 1
895 864 1
896 882 1
896 883 1
896 884 1
896 885 1
897 898 1
899 900 1
901 902 1
903 866 1
904 784 1
905 906 1
907 844 1
908 893 1
909 910 1
909 1087 1
909 1282 1
911 893 1
912 893 1
913 276 1
913 252 1
913 325 1
913 162 1
914 276 1
914 252 1
914 325 1
914 162 1
914 160 1
914 161 1
914 494 1
914 1881 1
915 898 1
916 866 1
917 866 1
918 276 1
918 252 1
918 325 1
918 162 1
919 517 1
920 83 1
921 811 1
921 812 1
922 530 1
923 924 1
925 269 1
926 811 1
926 812 1
927 928 1
929 811 1
929 812 1
930 931 1
932 811 1
932 812 1
934 935 1
934 936 1
937 811 1
937 812 1
938 811 1
938 812 1
939 940 1
941 882 1
941 883 1
941 884 1
941 885 1
943 811 1
943 812 1
946 882 1
946 883 1
946 884 1
946 885 1
946 811 1
946 812 1
949 950 1
951 81 1
952 784 1
953 811 1
953 812 1
954 893 1
955 893 1
956 893 1
957 893 1
958 959 1
960 961 1
962 893 1
963 893 1
964 965 1
966 967 1
968 969 1
968 1099 1
970 296 1
970 1148 1
971 972 1
971 973 1
971 974 1
972 973 1
972 974 1
975 107 1
976 893 1
977 978 1
979 980 1
981 972 1
981 973 1
981 974 1
982 972 1
982 973 1
982 974 1
983 969 1
984 893 1
985 893 1
986 987 1
988 893 1
989 969 1
990 690 1
991 992 1
993 972 1
993 973 1
993 974 1
994 992 1
995 306 1
996 972 1
996 973 1
996 974 1
997 969 1
998 517 1
999 517 1
999 306 1
1000 1001 1
1002 1003 1
1004 1005 1
1006 517 1
1007 1008 1
1009 1008 1
1010 1011 1
1010 1012 1
1014 784 1
1015 1016 1
1017 380 1
1018 1019 1
1020 1021 1
1022 1023 1
1023 1022 1
1024 1025 1
1026 784 1
1027 1028 1
1027 1029 1
1028 1029 1
1030 17 1
1030 345 1
1031 1032 1
1033 784 1
1034 784 1
1035 1036 1
1035 1037 1
1038 784 1
1038 1536 1
1039 1040 1
1041 17 1
1042 1043 1
1044 17 1
1045 17 1
1046 17 1
1047 17 1
1048 992 1
1049 1050 1
1051 1052 1
1053 690 1
1054 690 1
1054 689 1
1054 1722 1
1055 992 1
1056 992 1
1057 992 1
1058 992 1
1059 992 1
1060 992 1
1061 992 1
1062 992 1
1063 675 1
1064 400 1
1065 306 1
1066 1050 1
1067 1068 1
1069 1050 1
1070 1071 1
1072 1036 1
1072 1037 1
1073 1052 1
1074 1036 1
1074 1037 1
1075 17 1
1076 1077 1
1078 380 1
1079 400 1
1080 400 1
1081 400 1
1082 1077 1
1083 883 1
1084 1085 1
1084 48 1
1086 1087 1
1088 160 1
1088 161 1
1088 162 1
1088 494 1
1089 1090 1
1091 1092 1
1093 876 1
1094 1095 1
1096 1097 1
1098 1097 1
1100 1101 1
1102 1103 1
1104 1050 1
1105 1106 1
1107 969 1
1108 1109 1
1108 1115 1
1108 1340 1
1108 1341 1
1110 1111 1
1112 81 1
1113 1114 1
1116 306 1
1117 306 1
1118 306 1
1119 1120 1
1121 240 1
1122 1123 1
1124 1125 1
1126 1127 1
1128 1129 1
1130 442 1
1131 1132 1
1133 1132 1
1134 1135 1
1136 1120 1
1137 1138 1
1139 1140 1
1141 1043 1
1142 67 1
1144 1145 1
1146 1145 1
1147 1148 1
1149 187 1
1149 1143 1
1150 17 1
1151 442 1
1152 52 1
1153 1154 1
1155 1154 1
1156 1125 1
1157 1125 1
1158 1125 1
1159 492 1
1159 1160 1
1161 1162 1
1163 1164 1
1165 1132 1
1166 442 1
1167 1168 1
1169 363 1
1170 1171 1
1172 1173 1
1174 1175 1
1176 1177 1
1178 1135 1
1179 1171 1
1180 1132 1
1181 1171 1
1182 1183 1
1182 1184 1
1182 1185 1
1182 1186 1
1183 1184 1
1183 1185 1
1183 1186 1
1185 1183 1
1185 1184 1
1185 1186 1
1187 442 1
1188 1183 1
1188 1184 1
1188 1185 1
1188 1186 1
1189 442 1
1190 1191 1
1190 1192 1
1190 1193 1
1191 1192 1
1191 1193 1
1194 1132 1
1195 17 1
1196 1197 1
1196 1198 1
1197 1198 1
1199 1200 1
1201 1202 1
1203 107 1
1204 107 1
1205 160 1
1205 161 1
1205 162 1
1205 494 1
1206 1171 1
1207 1208 1
1209 107 1
1210 107 1
1211 761 1
1212 1213 1
1214 1215 1
1216 1208 1
1217 1132 1
1218 1219 1
1220 1132 1
1221 1183 1
1221 1184 1
1221 1185 1
1221 1186 1
1222 1223 1
1224 442 1
1225 1226 1
1225 279 1
1225 1227 1
1226 279 1
1226 1227 1
1226 1225 1
1228 1191 1
1228 1192 1
1228 1193 1
1228 1431 1
1229 1230 1
1231 1232 1
1231 1272 1
1233 363 1
1234 1235 1
1236 363 1
1237 1215 1
1238 160 1
1238 161 1
1238 162 1
1238 494 1
1239 1171 1
1240 1241 1
1242 310 1
1243 1021 1
1244 856 1
1245 1171 1
1246 160 1
1246 161 1
1246 162 1
1246 494 1
1247 1248 1
1249 1250 1
1251 1250 1
1252 1008 1
1253 380 1
1254 761 1
1257 1132 1
1258 1256 1
1260 1235 1
1261 1262 1
1263 1256 1
1264 1256 1
1265 1256 1
1266 1256 1
1267 1171 1
1268 1269 1
1271 1171 1
1273 1123 1
1274 1171 1
1275 1276 1
1277 1235 1
1278 1279 1
1280 107 1
1281 1282 1
1281 1453 1
1283 1284 1
1285 1171 1
1286 1223 1
1287 380 1
1288 1289 1
1288 1290 1
1288 20 1
1289 1290 1
1289 20 1
1291 1223 1
1292 1289 1
1292 1290 1
1292 20 1
1293 1223 1
1294 1289 1
1294 1290 1
1294 20 1
1295 1223 1
1296 1289 1
1296 1290 1
1296 20 1
1297 1298 1
1299 442 1
1300 1171 1
1301 17 1
1302 1303 1
1304 1171 1
1305 1171 1
1306 1171 1
1306 1780 1
1307 17 1
1308 1171 1
1309 1183 1
1309 1184 1
1309 1185 1
1309 1186 1
1310 1171 1
1311 1250 1
1312 1250 1
1313 1171 1
1314 1171 1
1315 1316 1
1317 1318 1
1319 1320 1
1321 761 1
1322 1284 1
1323 1324 1
1323 1325 1
1324 1325 1
1326 442 1
1327 158 1
1328 1329 1
1330 158 1
1331 17 1
1332 1333 1
1334 107 1
1335 52 1
1336 1123 1
1337 1338 1
1342 1279 1
1343 1279 1
1343 1522 1
1343 1579 1
1344 1345 1
1346 1347 1
1348 1349 1
1348 1350 1
1348 1351 1
1348 1352 1
1348 1353 1
1355 1356 1
1357 17 1
1358 1359 1
1360 1361 1
1362 1359 1
1363 1364 1
1365 1366 1
1367 1368 1
1369 1368 1
1370 1368 1
1371 1368 1
1372 1183 1
1372 1184 1
1372 1185 1
1372 1186 1
1373 1374 1
1375 1376 1
1377 1376 1
1378 723 1
1379 1183 1
1379 1184 1
1379 1185 1
1379 1186 1
1380 723 1
1381 723 1
1382 723 1
1383 1384 1
1385 910 1
1386 1387 1
1389 1361 1
1390 1123 1
1391 1392 1
1393 1394 1
1395 187 1
1396 1388 1
1397 569 1
1397 893 1
1398 1399 1
1400 1270 1
1401 1402 1
1404 1359 1
1405 1359 1
1406 1359 1
1407 1408 1
1409 67 1
1410 1411 1
1412 1408 1
1413 1361 1
1414 1415 1
1416 442 1
1417 1198 1
1418 1419 1
1420 1421 1
1422 1359 1
1423 1424 1
1423 1425 1
1423 1426 1
1423 147 1
1424 1425 1
1424 1426 1
1425 1424 1
1425 1426 1
1425 147 1
1427 332 1
1428 1359 1
1429 1359 1
1430 380 1
1432 1361 1
1433 107 1
1434 1415 1
1435 1424 1
1435 1425 1
1435 1426 1
1435 147 1
1436 1424 1
1436 1425 1
1436 1426 1
1436 147 1
1437 1424 1
1437 1425 1
1437 1426 1
1437 147 1
1438 1361 1
1439 1361 1
1440 1361 1
1441 1442 1
1443 1359 1
1444 1123 1
1445 1446 1
1445 1447 1
1449 1450 1
1451 1333 1
1452 1008 1
1454 1455 1
1456 1457 1
1456 1458 1
1456 1459 1
1456 1460 1
1456 1461 1
1456 1462 1
1456 1463 1
1456 1464 1
1456 1465 1
1457 1456 1
1457 1458 1
1457 1459 1
1457 1460 1
1457 1461 1
1457 1462 1
1457 1463 1
1457 1464 1
1466 1446 1
1467 363 1
1468 1469 1
1470 17 1
1471 1359 1
1472 1008 1
1473 1474 1
1475 1361 1
1476 1359 1
1477 1361 1
1478 1479 1
1480 1364 1
1481 1359 1
1482 1361 1
1483 1484 1
1485 1359 1
1486 1487 1
1488 1359 1
1489 1361 1
1490 1361 1
1491 1361 1
1492 1361 1
1493 107 1
1494 1495 1
1496 1411 1
1497 1127 1
1498 1361 1
1499 1500 1
1501 1502 1
1503 110 1
1503 1504 1
1505 1361 1
1506 910 1
1509 1298 1
1510 1298 1
1512 1298 1
1513 17 1
1514 1424 1
1514 1425 1
1514 1426 1
1514 147 1
1515 1516 1
1517 1518 1
1519 1520 1
1521 1522 1
1524 442 1
1525 110 1
1525 1504 1
1526 690 1
1527 1411 1
1528 1411 1
1529 110 1
1529 1504 1
1530 1522 1
1531 442 1
1532 1533 1
1534 204 1
1534 279 1
1535 1536 1
1537 1522 1
1538 681 1
1539 1522 1
1540 1516 1
1541 1536 1
1542 1522 1
1543 1544 1
1545 17 1
1546 681 1
1547 1536 1
1548 442 1
1549 1522 1
1550 1551 1
1552 1553 1
1554 1555 1
1556 1557 1
1558 1559 1
1561 1495 1
1562 276 1
1562 325 1
1562 160 1
1562 161 1
1562 162 1
1563 1522 1
1564 681 1
1565 1536 1
1566 1522 1
1567 1568 1
1569 1568 1
1570 1571 1
1570 1572 1
1570 1848 1
1573 1574 1
1575 1424 1
1575 1425 1
1575 1426 1
1575 147 1
1576 1424 1
1576 1425 1
1576 1426 1
1576 147 1
1577 1578 1
1580 1522 1
1581 1522 1
1582 681 1
1583 893 1
1584 1522 1
1585 681 1
1586 817 1
1588 1589 1
1590 1522 1
1591 681 1
1592 1593 1
1594 1522 1
1595 893 1
1596 1522 1
1597 681 1
1598 1123 1
1599 1600 1
1601 1522 1
1602 1603 1
1604 1605 1
1606 1522 1
1607 1424 1
1607 1425 1
1607 1426 1
1607 147 1
1608 107 1
1610 1522 1
1611 1123 1
1613 1522 1
1614 1522 1
1615 1424 1
1615 1425 1
1615 1426 1
1615 147 1
1616 1617 1
1618 1619 1
1620 1621 1
1622 1623 1
1625 1626 1
1627 1424 1
1627 1425 1
1627 1426 1
1627 147 1
1628 1123 1
1629 1424 1
1629 1425 1
1629 1426 1
1629 147 1
1630 1631 1
1632 893 1
1633 1324 1
1633 1325 1
1634 893 1
1635 1241 1
1636 1424 1
1636 1425 1
1636 1426 1
1636 147 1
1637 1446 1
1638 1639 1
1638 1426 1
1640 280 1
1641 332 1
1642 1298 1
1644 1298 1
1645 1631 1
1646 1631 1
1647 1631 1
1648 1649 1
1650 1651 1
1651 1650 1
1652 690 1
1652 689 1
1652 1054 1
1652 1722 1
1653 1654 1
1655 187 1
1655 1143 1
1656 1516 1
1658 1659 1
1660 332 1
1661 1662 1
1663 1664 1
1665 1664 1
1666 158 1
1667 217 1
1667 215 1
1668 217 1
1668 215 1
1669 1533 1
1670 817 1
1671 17 1
1672 158 1
1673 1649 1
1674 1675 1
1674 1910 1
1676 1533 1
1677 1298 1
1678 1191 1
1678 1192 1
1678 1193 1
1679 1579 1
1680 1579 1
1681 240 1
1682 1639 1
1682 1426 1
1683 1684 1
1685 240 1
1686 1675 1
1687 158 1
1688 158 1
1689 1415 1
1690 1691 1
1692 1693 1
1694 1469 1
1695 1626 1
1696 1697 1
1698 1675 1
1699 1700 1
1701 1702 1
1703 1651 1
1703 1650 1
1704 1705 1
1706 1707 1
1708 1518 1
1709 1159 1
1710 1639 1
1710 1426 1
1711 1712 1
1713 1714 1
1715 1716 1
1717 1159 1
1718 1719 1
1720 1298 1
1721 1298 1
1723 1298 1
1724 1697 1
1725 1639 1
1725 1426 1
1726 1298 1
1727 1697 1
1728 1298 1
1729 1662 1
1730 1662 1
1731 160 1
1731 161 1
1731 162 1
1732 345 1
1733 1734 1
1735 1736 1
1737 1736 1
1737 158 1
1738 158 1
1739 345 1
1740 345 1
1741 345 1
1742 345 1
1743 345 1
1744 1675 1
1745 345 1
1746 1747 1
1748 345 1
1749 1750 1
1751 345 1
1752 345 1
1753 1298 1
1754 1123 1
1754 1333 1
1755 1298 1
1756 1333 1
1757 1758 1
1759 1760 1
1761 1762 1
1763 1446 1
1764 1675 1
1765 1675 1
1766 1675 1
1767 1675 1
1768 1675 1
1769 1675 1
1770 1675 1
1771 690 1
1771 689 1
1771 1054 1
1771 1722 1
1772 345 1
1773 1774 1
1775 1774 1
1776 1675 1
1777 1760 1
1778 1675 1
1779 276 1
1779 325 1
1781 345 1
1782 1760 1
1783 1518 1
1784 345 1
1785 276 1
1785 325 1
1786 1787 1
1786 1788 1
1786 1789 1
1787 1788 1
1787 1789 1
1788 1787 1
1788 1789 1
1789 1787 1
1789 1788 1
1790 345 1
1791 1792 1
1791 1793 1
1794 1787 1
1794 1788 1
1794 1789 1
1795 345 1
1796 1787 1
1796 1788 1
1796 1789 1
1797 1716 1
1798 160 1
1798 161 1
1798 162 1
1798 276 1
1798 325 1
1798 1881 1
1800 1716 1
1801 1716 1
1802 1021 1
1803 160 1
1803 161 1
1803 162 1
1804 1135 1
1805 1806 1
1807 276 1
1807 325 1
1808 1809 1
1810 27 1
1811 1812 1
1813 1760 1
1814 1815 1
1816 1760 1
1817 1818 1
1819 1820 1
1819 1821 1
1822 1029 1
1823 48 1
1824 1825 1
1826 160 1
1826 161 1
1826 162 1
1828 345 1
1829 1502 1
1830 1831 1
1830 1832 1
1831 1832 1
1833 345 1
1834 158 1
1835 1758 1
1836 1837 1
1836 1838 1
1839 1840 1
1841 1106 1
1842 1841 1
1843 1844 1
1845 1846 1
1847 160 1
1847 161 1
1847 162 1
1849 1135 1
1850 1191 1
1850 1192 1
1850 1193 1
1851 158 1
1852 1853 1
1852 1854 1
1852 1855 1
1856 158 1
1857 1858 1
1860 1388 1
1861 67 1
1862 380 1
1863 1864 1
1865 1282 1
1866 1333 1
1867 1868 1
1869 1870 1
1871 107 1
1872 1873 1
1874 48 1
1875 1876 1
1877 1106 1
1878 1879 1
1880 1881 1
1882 1106 1
1883 1106 1
1884 1191 1
1884 1192 1
1884 1193 1
1885 1886 1
1887 1888 1
1889 442 1
1890 1891 1
1893 1876 1
1894 910 1
1895 52 1
1896 1897 1
1898 48 1
1899 1374 1
1900 48 1
1901 1902 1
1903 1897 1
1904 817 1
1906 1820 1
1906 1821 1
1907 1908 1
1907 1909 1
1911 132 1
1912 1734 1
1913 1914 1
1915 1916 1
1917 1918 1
1919 1920 1
1921 1106 1
1922 1114 1
1923 1916 1
1924 1925 1
1926 1864 1
1927 1191 1
1927 1192 1
1927 1193 1
1928 1929 1
1930 1106 1
1931 1932 1
1933 1916 1
1934 1892 1
1935 1916 1
1936 1937 1
1938 1864 1
1939 1940 1
1941 1374 1
1942 1943 1
1944 1925 1
1945 1946 1
1947 1946 1
1948 1925 1
1949 1950 1
1951 1952 1
1953 1954 1
1953 1955 1
1956 1840 1
1957 1148 1
1958 1910 1
1959 1892 1
1960 1925 1
1961 1925 1
1962 107 1
1963 1964 1
1965 1831 1
