2 1 1
2 49 1
4 3 1
4 75 1
4 124 1
4 125 1
4 163 1
4 166 1
4 180 1
4 206 1
4 209 1
4 222 1
4 231 1
4 249 1
4 261 1
6 5 1
6 8 1
6 32 1
6 21 1
6 18 1
6 37 1
6 46 1
6 152 1
6 171 1
6 179 1
6 153 1
7 5 1
7 8 1
7 6 1
7 32 1
7 21 1
7 18 1
7 37 1
7 46 1
8 152 1
8 171 1
8 6 1
8 179 1
9 60 1
11 10 1
11 39 1
11 40 1
13 12 1
13 65 1
13 74 1
15 14 1
17 16 1
17 114 1
17 194 1
17 253 1
17 255 1
17 293 1
17 588 1
17 695 1
17 1030 1
17 1041 1
17 1044 1
17 1045 1
17 1046 1
17 1047 1
17 1075 1
17 1150 1
17 1195 1
17 1301 1
17 1307 1
17 1331 1
17 1357 1
17 1470 1
17 1513 1
17 1545 1
17 1671 1
18 6 1
18 152 1
18 171 1
18 179 1
18 153 1
19 6 1
19 18 1
20 6 1
20 18 1
20 1288 1
20 1292 1
20 1294 1
20 1296 1
20 21 1
20 22 1
20 1289 1
21 6 1
21 18 1
22 6 1
22 18 1
23 6 1
23 18 1
23 152 1
23 171 1
23 179 1
23 153 1
24 6 1
24 18 1
25 6 1
25 18 1
25 152 1
25 171 1
25 179 1
25 153 1
27 26 1
27 1810 1
29 28 1
31 30 1
34 33 1
34 119 1
36 35 1
42 41 1
42 43 1
44 285 1
44 287 1
45 44 1
45 285 1
45 287 1
48 47 1
48 73 1
48 98 1
48 116 1
48 126 1
48 128 1
48 129 1
48 130 1
48 134 1
48 135 1
48 139 1
48 141 1
48 143 1
48 146 1
48 147 1
48 151 1
48 1823 1
48 1874 1
48 1084 1
48 1898 1
48 1900 1
51 50 1
52 241 1
52 767 1
52 1152 1
52 1335 1
52 1895 1
53 567 1
54 53 1
56 55 1
58 57 1
59 57 1
59 58 1
62 61 1
64 68 1
67 66 1
67 87 1
67 404 1
67 842 1
67 1142 1
67 1409 1
67 529 1
67 335 1
67 1861 1
68 64 1
70 69 1
72 71 1
72 91 1
72 101 1
72 109 1
72 115 1
72 148 1
72 149 1
72 150 1
72 164 1
72 165 1
72 167 1
72 168 1
72 169 1
72 170 1
77 76 1
77 78 1
77 79 1
81 80 1
81 86 1
81 951 1
81 1112 1
83 82 1
83 228 1
83 262 1
83 707 1
83 859 1
83 920 1
85 84 1
85 88 1
85 123 1
85 131 1
85 138 1
85 142 1
85 144 1
85 145 1
90 89 1
93 92 1
93 120 1
95 94 1
95 270 1
95 271 1
95 274 1
95 275 1
97 96 1
100 99 1
100 393 1
103 102 1
103 108 1
103 113 1
103 213 1
103 227 1
103 104 1
103 307 1
103 321 1
103 323 1
103 324 1
103 340 1
103 343 1
103 349 1
103 105 1
104 102 1
104 108 1
104 113 1
104 213 1
104 227 1
104 307 1
104 321 1
104 323 1
104 324 1
104 340 1
104 343 1
104 349 1
104 105 1
104 103 1
105 102 1
105 108 1
105 113 1
105 213 1
105 227 1
105 104 1
105 307 1
105 321 1
105 323 1
105 324 1
105 340 1
105 343 1
105 349 1
107 106 1
107 127 1
107 140 1
107 185 1
107 411 1
107 412 1
107 120 1
107 682 1
107 734 1
107 737 1
107 739 1
107 740 1
107 797 1
107 800 1
107 818 1
107 839 1
107 867 1
107 975 1
107 1203 1
107 1204 1
107 1209 1
107 1210 1
107 1280 1
107 1334 1
107 1433 1
107 1493 1
107 1608 1
107 1871 1
107 1962 1
110 1503 1
110 1525 1
110 1529 1
111 110 1
111 112 1
111 311 1
122 121 1
122 245 1
122 547 1
122 566 1
122 572 1
122 596 1
122 629 1
122 632 1
132 223 1
132 230 1
132 1911 1
133 132 1
137 136 1
147 1423 1
147 1435 1
147 1436 1
147 1437 1
147 1514 1
147 1425 1
147 1575 1
147 1576 1
147 1607 1
147 1615 1
147 1627 1
147 1629 1
147 1636 1
152 171 1
152 6 1
152 179 1
152 153 1
153 152 1
153 171 1
153 6 1
153 179 1
154 152 1
154 171 1
154 6 1
154 179 1
154 153 1
155 152 1
155 171 1
155 6 1
155 179 1
155 153 1
156 152 1
156 171 1
156 6 1
156 179 1
156 153 1
158 157 1
158 272 1
158 721 1
158 733 1
158 801 1
158 832 1
158 836 1
158 838 1
158 1327 1
158 1330 1
158 1666 1
158 1672 1
158 1687 1
158 1688 1
158 1738 1
158 1834 1
158 1851 1
158 1856 1
158 1737 1
160 159 1
160 226 1
160 236 1
160 248 1
160 252 1
160 161 1
160 276 1
160 297 1
160 309 1
160 322 1
160 325 1
160 346 1
160 383 1
160 162 1
160 394 1
160 1088 1
160 798 1
160 821 1
160 914 1
160 1205 1
160 1238 1
160 1246 1
160 1731 1
160 1798 1
160 1803 1
160 872 1
160 1826 1
160 1847 1
160 1562 1
161 159 1
161 226 1
161 236 1
161 248 1
161 252 1
161 276 1
161 297 1
161 309 1
161 322 1
161 325 1
161 346 1
161 383 1
161 162 1
161 394 1
161 160 1
161 1088 1
161 798 1
161 821 1
161 914 1
161 1205 1
161 1238 1
161 1246 1
161 1731 1
161 1798 1
161 1803 1
161 872 1
161 1826 1
161 1847 1
161 1562 1
162 159 1
162 226 1
162 236 1
162 248 1
162 252 1
162 161 1
162 276 1
162 297 1
162 309 1
162 322 1
162 325 1
162 346 1
162 383 1
162 394 1
162 160 1
162 798 1
162 821 1
162 825 1
162 841 1
162 868 1
162 872 1
162 913 1
162 914 1
162 918 1
162 1088 1
162 1205 1
162 1238 1
162 1246 1
162 1731 1
162 1798 1
162 1803 1
162 1826 1
162 1847 1
162 1562 1
172 132 1
174 173 1
176 175 1
176 267 1
178 177 1
178 779 1
182 132 1
184 183 1
187 186 1
187 212 1
187 1149 1
187 1395 1
187 1655 1
188 186 1
188 212 1
188 187 1
190 189 1
190 193 1
190 205 1
190 147 1
191 189 1
191 193 1
191 205 1
191 147 1
191 190 1
192 189 1
192 193 1
192 205 1
192 147 1
192 190 1
193 189 1
193 205 1
193 147 1
196 195 1
196 197 1
196 198 1
200 199 1
200 256 1
200 286 1
200 308 1
200 315 1
200 319 1
202 201 1
202 290 1
202 294 1
202 408 1
202 413 1
202 448 1
202 449 1
202 453 1
202 454 1
202 458 1
202 464 1
202 497 1
204 203 1
204 208 1
204 234 1
204 235 1
204 242 1
204 263 1
204 147 1
204 190 1
204 139 1
204 319 1
204 1534 1
211 210 1
215 214 1
215 216 1
215 217 1
215 284 1
215 1667 1
215 1668 1
217 1667 1
217 1668 1
219 218 1
221 220 1
221 190 1
225 224 1
225 229 1
233 232 1
233 254 1
233 282 1
233 283 1
233 301 1
233 304 1
233 320 1
233 326 1
233 327 1
233 333 1
233 365 1
233 366 1
233 369 1
233 370 1
238 237 1
240 239 1
240 358 1
240 701 1
240 724 1
240 741 1
240 1121 1
240 1681 1
240 1685 1
244 243 1
247 246 1
247 328 1
247 467 1
247 470 1
247 476 1
247 485 1
247 488 1
251 250 1
252 798 1
252 821 1
252 161 1
252 825 1
252 160 1
252 841 1
252 325 1
252 868 1
252 872 1
252 346 1
252 236 1
252 162 1
252 394 1
252 913 1
252 914 1
252 918 1
252 159 1
252 276 1
258 257 1
258 686 1
258 831 1
260 259 1
260 669 1
260 789 1
260 795 1
266 265 1
267 811 1
269 268 1
269 356 1
269 925 1
276 798 1
276 821 1
276 161 1
276 825 1
276 160 1
276 841 1
276 325 1
276 868 1
276 872 1
276 346 1
276 236 1
276 252 1
276 162 1
276 394 1
276 913 1
276 914 1
276 918 1
276 159 1
276 383 1
276 1562 1
276 297 1
276 1779 1
276 1785 1
276 1798 1
276 1807 1
278 277 1
279 190 1
279 1225 1
279 1226 1
279 147 1
279 139 1
279 319 1
279 1534 1
280 190 1
280 1640 1
281 190 1
289 288 1
292 291 1
296 295 1
296 970 1
299 298 1
300 298 1
303 302 1
306 305 1
306 995 1
306 1065 1
306 999 1
306 1116 1
306 1117 1
306 1118 1
306 517 1
310 353 1
310 364 1
310 112 1
310 314 1
310 311 1
310 1242 1
311 310 1
311 353 1
311 364 1
311 112 1
311 314 1
312 310 1
312 353 1
312 364 1
312 112 1
312 314 1
313 310 1
313 353 1
313 364 1
313 112 1
313 314 1
314 310 1
314 353 1
314 364 1
314 112 1
317 316 1
318 316 1
325 798 1
325 821 1
325 161 1
325 825 1
325 160 1
325 841 1
325 868 1
325 872 1
325 346 1
325 236 1
325 252 1
325 162 1
325 394 1
325 913 1
325 914 1
325 918 1
325 159 1
325 276 1
325 383 1
325 1562 1
325 297 1
325 1779 1
325 1785 1
325 1798 1
325 1807 1
330 329 1
330 87 1
330 334 1
330 335 1
330 338 1
330 339 1
332 331 1
332 1427 1
332 1641 1
332 1660 1
336 337 1
337 336 1
342 341 1
342 360 1
342 378 1
342 384 1
342 391 1
342 447 1
342 455 1
342 459 1
342 460 1
342 461 1
342 468 1
342 469 1
342 472 1
342 473 1
342 474 1
342 475 1
345 344 1
345 361 1
345 386 1
345 387 1
345 388 1
345 392 1
345 395 1
345 417 1
345 1732 1
345 1739 1
345 1740 1
345 1741 1
345 1742 1
345 1743 1
345 1745 1
345 1748 1
345 1751 1
345 1752 1
345 1772 1
345 1030 1
345 1781 1
345 1784 1
345 1790 1
345 1795 1
345 1828 1
345 1833 1
348 347 1
351 350 1
351 352 1
351 357 1
351 359 1
355 354 1
355 398 1
363 362 1
363 373 1
363 198 1
363 778 1
363 1169 1
363 1233 1
363 1236 1
363 1467 1
368 367 1
372 371 1
372 407 1
372 432 1
375 374 1
375 435 1
376 374 1
376 435 1
376 375 1
377 374 1
377 435 1
380 379 1
380 416 1
380 418 1
380 419 1
380 1017 1
380 1078 1
380 1253 1
380 1287 1
380 1430 1
380 1862 1
382 381 1
390 389 1
397 396 1
400 399 1
400 502 1
400 515 1
400 524 1
400 525 1
400 533 1
400 541 1
400 550 1
400 554 1
400 555 1
400 556 1
400 559 1
400 560 1
400 561 1
400 562 1
400 563 1
400 564 1
400 652 1
400 648 1
400 692 1
400 650 1
400 694 1
400 696 1
400 649 1
400 1064 1
400 1079 1
400 1080 1
400 1081 1
402 401 1
402 403 1
406 405 1
409 410 1
410 409 1
415 414 1
415 431 1
421 420 1
421 437 1
423 422 1
423 424 1
423 425 1
427 426 1
427 316 1
428 147 1
428 440 1
430 429 1
430 685 1
434 433 1
434 436 1
434 613 1
434 623 1
434 624 1
439 438 1
442 441 1
442 1130 1
442 1151 1
442 1166 1
442 1187 1
442 1189 1
442 1224 1
442 1299 1
442 1326 1
442 1416 1
442 1524 1
442 1531 1
442 1548 1
442 1889 1
444 443 1
446 445 1
451 450 1
452 450 1
452 451 1
457 456 1
463 462 1
466 465 1
466 471 1
478 477 1
479 477 1
479 478 1
480 477 1
480 478 1
482 481 1
484 483 1
487 486 1
489 132 1
491 490 1
491 147 1
492 490 1
492 147 1
492 491 1
492 1159 1
493 490 1
493 147 1
493 491 1
494 490 1
494 147 1
494 491 1
494 297 1
494 1088 1
494 798 1
494 821 1
494 309 1
494 914 1
494 276 1
494 1205 1
494 325 1
494 236 1
494 346 1
494 159 1
494 1238 1
494 161 1
494 252 1
494 1246 1
494 162 1
494 394 1
496 495 1
499 498 1
499 501 1
499 693 1
504 503 1
506 505 1
508 507 1
510 509 1
512 511 1
514 513 1
517 516 1
517 869 1
517 873 1
517 919 1
517 998 1
517 999 1
517 1006 1
519 518 1
521 520 1
522 520 1
523 520 1
527 526 1
528 437 1
528 534 1
530 529 1
530 595 1
530 625 1
530 630 1
530 631 1
530 643 1
530 646 1
530 647 1
530 654 1
530 565 1
530 922 1
532 531 1
536 535 1
538 537 1
538 873 1
540 539 1
540 553 1
540 575 1
540 579 1
540 580 1
540 581 1
540 582 1
540 585 1
540 590 1
540 594 1
543 542 1
545 544 1
545 573 1
545 574 1
549 548 1
549 716 1
550 400 1
550 533 1
550 652 1
550 564 1
550 648 1
550 692 1
550 650 1
550 694 1
550 696 1
550 555 1
550 559 1
550 649 1
551 550 1
552 550 1
558 557 1
565 335 1
569 568 1
569 1397 1
571 570 1
577 576 1
578 576 1
584 583 1
587 586 1
589 132 1
592 591 1
593 788 1
593 722 1
597 602 1
598 597 1
598 602 1
599 597 1
599 602 1
600 597 1
601 597 1
602 597 1
603 597 1
605 604 1
605 612 1
605 653 1
605 670 1
605 679 1
606 604 1
606 612 1
606 653 1
606 670 1
606 679 1
606 605 1
607 604 1
607 612 1
607 653 1
607 670 1
607 679 1
607 605 1
608 604 1
608 612 1
608 653 1
608 670 1
608 679 1
608 605 1
609 604 1
609 612 1
609 653 1
609 670 1
609 679 1
609 605 1
610 604 1
610 612 1
610 653 1
610 670 1
610 679 1
610 605 1
611 604 1
611 612 1
611 653 1
611 670 1
611 679 1
615 614 1
615 665 1
615 676 1
615 702 1
616 614 1
616 665 1
616 676 1
616 702 1
616 615 1
618 617 1
620 619 1
622 621 1
627 626 1
627 628 1
634 633 1
634 730 1
634 782 1
634 808 1
635 633 1
635 730 1
635 782 1
635 808 1
635 634 1
637 636 1
637 638 1
637 639 1
637 640 1
642 641 1
645 644 1
645 668 1
645 706 1
645 717 1
645 719 1
645 726 1
645 727 1
645 728 1
648 400 1
648 564 1
648 692 1
648 650 1
649 400 1
649 564 1
649 648 1
649 692 1
649 650 1
650 400 1
650 564 1
650 648 1
650 692 1
651 400 1
651 564 1
651 648 1
651 692 1
651 650 1
652 400 1
652 564 1
652 648 1
652 692 1
652 650 1
656 655 1
656 815 1
656 822 1
658 657 1
660 659 1
662 661 1
664 663 1
664 667 1
672 671 1
673 671 1
675 674 1
675 718 1
675 1063 1
678 677 1
681 680 1
681 725 1
681 729 1
681 1538 1
681 1546 1
681 1564 1
681 1582 1
681 1585 1
681 1591 1
681 1597 1
684 683 1
684 753 1
688 687 1
688 595 1
689 1054 1
689 1771 1
689 1652 1
689 690 1
690 689 1
690 990 1
690 730 1
690 1053 1
690 1054 1
690 1526 1
690 1652 1
690 1771 1
691 316 1
698 697 1
700 699 1
700 746 1
700 747 1
700 759 1
700 766 1
700 770 1
700 775 1
700 776 1
700 777 1
704 703 1
704 705 1
708 709 1
709 708 1
711 710 1
712 710 1
713 710 1
715 714 1
715 720 1
723 722 1
723 788 1
723 1378 1
723 1380 1
723 1381 1
723 1382 1
732 731 1
732 748 1
732 749 1
732 750 1
735 738 1
736 735 1
736 738 1
743 742 1
745 744 1
745 147 1
752 751 1
755 754 1
756 754 1
756 755 1
758 757 1
761 760 1
761 1211 1
761 1254 1
761 1321 1
763 762 1
763 774 1
763 796 1
763 799 1
765 764 1
765 780 1
765 785 1
765 744 1
765 806 1
765 807 1
765 830 1
765 833 1
769 768 1
773 772 1
784 783 1
784 877 1
784 894 1
784 904 1
784 952 1
784 1014 1
784 1026 1
784 1033 1
784 1034 1
784 1038 1
787 786 1
790 791 1
791 790 1
792 790 1
792 791 1
793 790 1
793 791 1
794 790 1
794 791 1
803 802 1
804 813 1
804 814 1
804 834 1
804 835 1
804 837 1
804 840 1
805 804 1
805 813 1
805 814 1
805 834 1
805 835 1
805 837 1
805 840 1
809 697 1
811 810 1
811 870 1
811 887 1
811 921 1
811 926 1
811 929 1
811 932 1
811 937 1
811 938 1
811 812 1
811 946 1
811 953 1
811 943 1
811 267 1
812 810 1
812 870 1
812 887 1
812 921 1
812 926 1
812 929 1
812 932 1
812 937 1
812 938 1
812 811 1
812 946 1
812 953 1
812 943 1
812 267 1
817 816 1
817 1586 1
817 1670 1
817 1904 1
819 826 1
820 819 1
824 823 1
827 826 1
827 819 1
829 828 1
844 843 1
844 907 1
846 845 1
846 879 1
847 477 1
849 848 1
850 848 1
852 851 1
854 853 1
856 855 1
856 1244 1
856 477 1
858 857 1
858 860 1
862 861 1
864 863 1
864 895 1
866 865 1
866 871 1
866 903 1
866 916 1
866 917 1
875 874 1
876 1093 1
878 400 1
881 880 1
882 147 1
882 886 1
882 896 1
882 941 1
882 946 1
882 884 1
883 147 1
883 886 1
883 896 1
883 941 1
883 946 1
883 884 1
883 882 1
883 1083 1
884 147 1
884 886 1
884 896 1
884 941 1
884 946 1
884 882 1
885 147 1
885 886 1
885 896 1
885 941 1
885 946 1
885 884 1
889 888 1
891 890 1
893 892 1
893 908 1
893 911 1
893 912 1
893 954 1
893 955 1
893 956 1
893 957 1
893 962 1
893 963 1
893 976 1
893 984 1
893 985 1
893 988 1
893 1583 1
893 1595 1
893 1397 1
893 1632 1
893 1634 1
898 897 1
898 915 1
900 899 1
902 901 1
906 905 1
910 909 1
910 1385 1
910 656 1
910 1506 1
910 1894 1
924 923 1
928 927 1
931 930 1
935 934 1
936 934 1
937 811 1
940 939 1
942 811 1
943 811 1
944 811 1
945 811 1
946 811 1
947 190 1
948 190 1
950 949 1
959 958 1
961 960 1
965 964 1
967 966 1
969 968 1
969 983 1
969 989 1
969 997 1
969 1107 1
972 971 1
972 981 1
972 982 1
972 993 1
972 996 1
973 971 1
973 981 1
973 982 1
973 993 1
973 996 1
973 972 1
974 971 1
974 981 1
974 982 1
974 993 1
974 996 1
974 972 1
978 977 1
980 979 1
987 986 1
992 991 1
992 994 1
992 1048 1
992 1055 1
992 1056 1
992 1057 1
992 1058 1
992 1059 1
992 1060 1
992 1061 1
992 1062 1
1001 1000 1
1001 471 1
1003 1002 1
1005 1004 1
1008 1007 1
1008 1009 1
1008 1252 1
1008 1452 1
1008 1472 1
1011 1010 1
1012 1010 1
1016 1015 1
1019 1018 1
1021 1020 1
1021 1243 1
1021 1802 1
1022 1023 1
1023 1022 1
1025 1024 1
1028 1027 1
1029 1027 1
1029 1028 1
1029 1822 1
1032 1031 1
1036 1035 1
1036 1072 1
1036 1074 1
1037 1035 1
1037 1072 1
1037 1074 1
1040 1039 1
1043 1042 1
1043 1141 1
1050 1049 1
1050 1066 1
1050 1069 1
1050 1104 1
1052 1051 1
1052 1073 1
1054 689 1
1054 1771 1
1054 1652 1
1054 690 1
1068 1067 1
1071 1070 1
1077 1076 1
1077 1082 1
1085 1084 1
1087 1086 1
1087 909 1
1090 1089 1
1092 1091 1
1095 1094 1
1097 1096 1
1097 1098 1
1099 968 1
1101 1100 1
1103 1102 1
1106 1105 1
1106 1841 1
1106 1877 1
1106 1882 1
1106 1883 1
1106 1921 1
1106 1930 1
1109 1108 1
1111 1110 1
1114 1113 1
1114 1922 1
1115 1108 1
1120 1119 1
1120 1136 1
1123 1122 1
1123 1273 1
1123 1336 1
1123 1390 1
1123 1444 1
1123 1598 1
1123 1611 1
1123 1628 1
1123 1754 1
1125 1124 1
1125 1156 1
1125 1157 1
1125 1158 1
1127 1126 1
1127 1497 1
1129 1128 1
1132 1131 1
1132 1133 1
1132 1165 1
1132 1180 1
1132 1194 1
1132 1217 1
1132 1220 1
1132 1257 1
1135 1134 1
1135 1178 1
1135 1804 1
1135 1849 1
1138 1137 1
1140 1139 1
1143 186 1
1143 1149 1
1143 187 1
1143 1655 1
1145 1144 1
1145 1146 1
1148 1147 1
1148 970 1
1148 1957 1
1154 1153 1
1154 1155 1
1159 1709 1
1159 1717 1
1160 1159 1
1162 1161 1
1164 1163 1
1168 1167 1
1171 1170 1
1171 1179 1
1171 1181 1
1171 1206 1
1171 1239 1
1171 1245 1
1171 1267 1
1171 1271 1
1171 1274 1
1171 1285 1
1171 1300 1
1171 1304 1
1171 1305 1
1171 1306 1
1171 1308 1
1171 1310 1
1171 1313 1
1171 1314 1
1173 1172 1
1175 1174 1
1177 1176 1
1183 1182 1
1183 1188 1
1183 1221 1
1183 1309 1
1183 1372 1
1183 1185 1
1183 1379 1
1184 1182 1
1184 1188 1
1184 1221 1
1184 1309 1
1184 1372 1
1184 1185 1
1184 1379 1
1184 1183 1
1185 1182 1
1185 1188 1
1185 1221 1
1185 1309 1
1185 1372 1
1185 1379 1
1185 1183 1
1186 1182 1
1186 1188 1
1186 1221 1
1186 1309 1
1186 1372 1
1186 1185 1
1186 1379 1
1186 1183 1
1191 1190 1
1191 1228 1
1191 1678 1
1191 1850 1
1191 1884 1
1191 1927 1
1192 1190 1
1192 1228 1
1192 1191 1
1192 1678 1
1192 1850 1
1192 1884 1
1192 1927 1
1193 1190 1
1193 1228 1
1193 1191 1
1193 1678 1
1193 1850 1
1193 1884 1
1193 1927 1
1197 1196 1
1198 1196 1
1198 1197 1
1198 1417 1
1200 1199 1
1202 1201 1
1208 1207 1
1208 1216 1
1213 1212 1
1215 1214 1
1215 1237 1
1219 1218 1
1223 1222 1
1223 1286 1
1223 1291 1
1223 1293 1
1223 1295 1
1225 1226 1
1226 1225 1
1227 1225 1
1227 1226 1
1230 1229 1
1232 1231 1
1235 1234 1
1235 1260 1
1235 1277 1
1241 1240 1
1241 1635 1
1248 1247 1
1250 1249 1
1250 1251 1
1250 1311 1
1250 1312 1
1256 319 1
1256 1258 1
1256 1263 1
1256 1264 1
1256 1265 1
1256 1266 1
1259 879 1
1262 1261 1
1269 1268 1
1270 1400 1
1272 1231 1
1276 1275 1
1279 1278 1
1279 1342 1
1279 1343 1
1282 1281 1
1282 909 1
1282 1865 1
1284 1283 1
1284 1322 1
1289 1288 1
1289 1292 1
1289 1294 1
1289 20 1
1289 1296 1
1289 21 1
1289 22 1
1290 1288 1
1290 1292 1
1290 1294 1
1290 20 1
1290 1296 1
1290 21 1
1290 22 1
1290 1289 1
1298 1297 1
1298 851 1
1298 1509 1
1298 1510 1
1298 1512 1
1298 1642 1
1298 1644 1
1298 1677 1
1298 1720 1
1298 1721 1
1298 1723 1
1298 1726 1
1298 1728 1
1298 1753 1
1298 1755 1
1303 1302 1
1316 1315 1
1316 58 1
1318 1317 1
1320 1319 1
1324 1323 1
1324 1633 1
1325 1323 1
1325 1633 1
1325 1324 1
1329 1328 1
1333 1332 1
1333 1451 1
1333 1756 1
1333 1866 1
1333 1754 1
1338 1337 1
1339 132 1
1340 1108 1
1341 1108 1
1345 1344 1
1347 1346 1
1349 1348 1
1350 1348 1
1351 1348 1
1352 1348 1
1353 1348 1
1354 132 1
1356 1355 1
1359 1358 1
1359 1362 1
1359 297 1
1359 1404 1
1359 1405 1
1359 1406 1
1359 1422 1
1359 1428 1
1359 1429 1
1359 1443 1
1359 1471 1
1359 1476 1
1359 1481 1
1359 1485 1
1359 1488 1
1361 1360 1
1361 1389 1
1361 1413 1
1361 1432 1
1361 1438 1
1361 1439 1
1361 1440 1
1361 1475 1
1361 1477 1
1361 1482 1
1361 1489 1
1361 1490 1
1361 1491 1
1361 1492 1
1361 1498 1
1361 1505 1
1364 1363 1
1364 1480 1
1366 1365 1
1368 1367 1
1368 1369 1
1368 1370 1
1368 1371 1
1374 1373 1
1374 1899 1
1374 1941 1
1376 1375 1
1376 1377 1
1384 1383 1
1387 1386 1
1388 147 1
1388 1396 1
1388 1860 1
1392 1391 1
1394 1393 1
1399 1398 1
1402 1401 1
1403 790 1
1408 1407 1
1408 1412 1
1411 1410 1
1411 1496 1
1411 1527 1
1411 1528 1
1415 1414 1
1415 1434 1
1415 1689 1
1419 1418 1
1421 1420 1
1424 1423 1
1424 1435 1
1424 1436 1
1424 1437 1
1424 1514 1
1424 1425 1
1424 1575 1
1424 1576 1
1424 1607 1
1424 1615 1
1424 1627 1
1424 1629 1
1424 1636 1
1424 147 1
1425 1423 1
1425 1435 1
1425 1436 1
1425 1437 1
1425 1514 1
1425 1575 1
1425 1576 1
1425 1607 1
1425 1615 1
1425 1627 1
1425 1629 1
1425 1636 1
1425 147 1
1425 1424 1
1426 1423 1
1426 1435 1
1426 1436 1
1426 1437 1
1426 1514 1
1426 1425 1
1426 1575 1
1426 1576 1
1426 1607 1
1426 1615 1
1426 1627 1
1426 1629 1
1426 1636 1
1426 1638 1
1426 147 1
1426 1424 1
1426 1682 1
1426 1710 1
1426 833 1
1426 806 1
1426 1725 1
1431 1228 1
1442 1441 1
1446 1445 1
1446 1466 1
1446 1637 1
1446 1763 1
1447 1445 1
1448 132 1
1450 1449 1
1453 1281 1
1455 1454 1
1456 1457 1
1457 1456 1
1458 1456 1
1458 1457 1
1459 1456 1
1459 1457 1
1460 1456 1
1460 1457 1
1461 1456 1
1461 1457 1
1462 1456 1
1462 1457 1
1463 1456 1
1463 1457 1
1464 1456 1
1464 1457 1
1465 1456 1
1469 1468 1
1469 1694 1
1474 1473 1
1479 1478 1
1484 1483 1
1487 1486 1
1495 1494 1
1495 1561 1
1500 1499 1
1502 1501 1
1502 1829 1
1504 1503 1
1504 1525 1
1504 1529 1
1504 110 1
1507 52 1
1508 132 1
1516 1515 1
1516 1540 1
1516 1656 1
1518 1517 1
1518 1708 1
1518 1783 1
1520 1519 1
1522 1521 1
1522 1530 1
1522 1537 1
1522 1539 1
1522 1542 1
1522 1549 1
1522 1563 1
1522 1566 1
1522 1343 1
1522 1580 1
1522 1581 1
1522 1584 1
1522 1590 1
1522 1594 1
1522 1596 1
1522 1601 1
1522 1606 1
1522 1610 1
1522 1613 1
1522 1614 1
1533 1532 1
1533 1669 1
1533 1676 1
1534 147 1
1534 139 1
1534 319 1
1536 1535 1
1536 1541 1
1536 1038 1
1536 1547 1
1536 1565 1
1544 1543 1
1551 1550 1
1553 1552 1
1555 1554 1
1557 1556 1
1559 1558 1
1560 63 1
1568 1567 1
1568 1569 1
1571 1570 1
1572 1570 1
1574 1573 1
1578 1577 1
1579 1343 1
1579 1679 1
1579 1680 1
1589 1588 1
1593 1592 1
1600 1599 1
1603 1602 1
1605 1604 1
1609 26 1
1612 735 1
1617 1616 1
1619 1618 1
1621 1620 1
1623 1622 1
1623 873 1
1624 132 1
1626 1625 1
1626 1695 1
1631 1630 1
1631 1645 1
1631 1646 1
1631 1647 1
1639 1638 1
1639 1682 1
1639 1710 1
1639 833 1
1639 806 1
1639 1725 1
1643 646 1
1649 1648 1
1649 1673 1
1650 1703 1
1650 1651 1
1651 1650 1
1651 1703 1
1654 1653 1
1657 132 1
1659 1658 1
1662 1661 1
1662 1729 1
1662 1730 1
1664 1663 1
1664 1665 1
1675 1674 1
1675 1686 1
1675 1698 1
1675 1744 1
1675 1764 1
1675 1765 1
1675 1766 1
1675 1767 1
1675 1768 1
1675 1769 1
1675 1770 1
1675 1776 1
1675 1778 1
1684 1683 1
1691 1690 1
1693 1692 1
1697 1696 1
1697 1724 1
1697 1727 1
1700 1699 1
1702 1701 1
1705 1704 1
1707 1706 1
1712 1711 1
1714 1713 1
1716 1715 1
1716 1797 1
1716 1800 1
1716 1801 1
1719 1718 1
1722 689 1
1722 1054 1
1722 1771 1
1722 1652 1
1734 1733 1
1734 1912 1
1736 1735 1
1736 1737 1
1747 1746 1
1750 1749 1
1758 1757 1
1758 1835 1
1760 1759 1
1760 1777 1
1760 1782 1
1760 1813 1
1760 1816 1
1762 1761 1
1774 1773 1
1774 1775 1
1780 1306 1
1787 1786 1
1787 1794 1
1787 1796 1
1787 1789 1
1787 1788 1
1788 1786 1
1788 1794 1
1788 1796 1
1788 1789 1
1788 1787 1
1789 1786 1
1789 1794 1
1789 1796 1
1789 1788 1
1789 1787 1
1792 1791 1
1793 1791 1
1799 450 1
1799 451 1
1806 1805 1
1809 1808 1
1812 1811 1
1815 1814 1
1818 1817 1
1820 1819 1
1820 1906 1
1821 1819 1
1821 1906 1
1825 1824 1
1827 257 1
1831 1830 1
1831 1965 1
1832 1830 1
1832 1831 1
1837 1836 1
1838 1836 1
1840 1839 1
1840 1956 1
1841 1842 1
1844 1843 1
1846 1845 1
1848 1570 1
1853 1852 1
1854 1852 1
1855 1852 1
1858 1857 1
1859 90 1
1864 1863 1
1864 1926 1
1864 1938 1
1868 1867 1
1870 1869 1
1873 1872 1
1876 1875 1
1876 1893 1
1879 1878 1
1881 1880 1
1881 1798 1
1881 798 1
1881 914 1
1886 1885 1
1888 1887 1
1891 1890 1
1892 309 1
1892 1934 1
1892 1959 1
1892 162 1
1897 1896 1
1897 1903 1
1902 1901 1
1908 1907 1
1909 1907 1
1910 1674 1
1910 1958 1
1914 1913 1
1916 1915 1
1916 1923 1
1916 1933 1
1916 1935 1
1918 1917 1
1920 1919 1
1925 1924 1
1925 1944 1
1925 1948 1
1925 1960 1
1925 1961 1
1929 1928 1
1932 1931 1
1937 1936 1
1940 1939 1
1943 1942 1
1946 1945 1
1946 1947 1
1950 1949 1
1952 1951 1
1954 1953 1
1955 1953 1
1964 1963 1
