2 1 1
2 6 1
2 41 1
2 46 1
2 47 1
2 127 1
2 141 1
2 207 1
2 220 1
2 256 1
2 685 1
4 3 1
5 3 1
5 4 1
8 7 1
9 7 1
9 8 1
10 7 1
10 8 1
12 11 1
12 17 1
14 13 1
16 15 1
16 688 1
18 19 1
19 18 1
20 18 1
20 19 1
21 23 1
21 157 1
22 21 1
22 23 1
22 157 1
23 21 1
23 157 1
25 24 1
26 114 1
27 26 1
29 28 1
31 30 1
31 176 1
31 177 1
31 178 1
31 179 1
31 186 1
32 30 1
32 176 1
32 177 1
32 178 1
32 179 1
32 186 1
34 33 1
36 35 1
38 37 1
38 65 1
38 66 1
38 71 1
38 72 1
38 73 1
38 77 1
38 78 1
38 79 1
38 80 1
38 81 1
38 82 1
38 83 1
38 84 1
38 85 1
38 86 1
38 87 1
38 88 1
38 92 1
38 93 1
38 94 1
38 95 1
38 99 1
38 100 1
38 101 1
38 102 1
38 103 1
38 104 1
38 105 1
38 106 1
38 107 1
40 39 1
43 42 1
45 44 1
49 48 1
51 50 1
53 52 1
53 54 1
54 52 1
54 53 1
56 55 1
56 670 1
58 57 1
59 57 1
61 60 1
61 62 1
61 63 1
61 64 1
68 67 1
70 69 1
75 74 1
75 76 1
75 89 1
91 90 1
97 96 1
97 98 1
109 108 1
109 117 1
109 118 1
109 125 1
109 243 1
109 244 1
109 245 1
111 110 1
112 110 1
113 110 1
114 26 1
115 114 1
115 26 1
116 114 1
116 26 1
116 287 1
116 289 1
116 288 1
116 324 1
116 325 1
116 663 1
116 694 1
116 695 1
120 119 1
121 119 1
123 122 1
124 122 1
126 125 1
126 128 1
126 129 1
126 130 1
132 131 1
132 154 1
132 155 1
134 133 1
134 259 1
134 285 1
134 286 1
134 305 1
134 689 1
134 779 1
136 135 1
136 218 1
137 43 1
137 114 1
138 43 1
138 114 1
138 137 1
138 678 1
139 140 1
139 187 1
140 139 1
140 187 1
143 142 1
145 144 1
145 698 1
146 144 1
146 698 1
148 147 1
149 147 1
151 150 1
153 152 1
156 33 1
159 158 1
160 158 1
160 159 1
162 161 1
162 173 1
162 219 1
163 266 1
165 164 1
167 166 1
168 166 1
170 169 1
170 171 1
171 169 1
171 170 1
172 169 1
172 171 1
172 170 1
175 174 1
175 185 1
175 318 1
181 180 1
183 182 1
183 184 1
189 188 1
191 190 1
192 768 1
193 192 1
193 194 1
194 192 1
194 193 1
196 195 1
198 197 1
199 197 1
200 197 1
200 447 1
200 448 1
202 201 1
204 203 1
204 278 1
205 217 1
206 205 1
209 208 1
211 210 1
213 212 1
213 299 1
213 306 1
213 310 1
213 311 1
213 314 1
215 214 1
216 214 1
216 215 1
221 43 1
221 223 1
222 43 1
222 223 1
222 221 1
223 43 1
223 410 1
225 224 1
226 236 1
226 227 1
226 230 1
226 242 1
226 231 1
226 229 1
227 226 1
227 236 1
227 230 1
227 242 1
227 231 1
227 229 1
228 226 1
228 236 1
228 227 1
229 226 1
229 236 1
229 227 1
229 230 1
229 242 1
229 231 1
230 226 1
230 236 1
230 227 1
230 242 1
230 231 1
230 229 1
231 226 1
231 236 1
231 227 1
231 230 1
231 242 1
231 229 1
232 226 1
232 236 1
232 227 1
232 230 1
232 242 1
232 231 1
232 229 1
233 226 1
233 236 1
233 227 1
233 230 1
233 242 1
233 231 1
233 229 1
234 226 1
234 236 1
234 227 1
234 230 1
234 242 1
234 231 1
234 229 1
235 226 1
235 236 1
235 230 1
235 242 1
235 231 1
235 229 1
238 237 1
238 239 1
240 236 1
240 230 1
240 242 1
240 231 1
240 229 1
241 236 1
241 230 1
241 229 1
247 246 1
248 246 1
250 249 1
250 255 1
252 251 1
253 254 1
254 253 1
258 257 1
261 260 1
263 262 1
265 264 1
266 163 1
267 266 1
267 163 1
269 268 1
271 270 1
271 298 1
271 300 1
271 301 1
273 272 1
274 272 1
275 272 1
276 272 1
277 272 1
280 279 1
282 281 1
284 283 1
284 296 1
284 297 1
284 307 1
284 309 1
284 339 1
284 342 1
284 343 1
284 344 1
284 347 1
284 348 1
284 349 1
284 350 1
284 351 1
284 352 1
284 353 1
284 354 1
284 356 1
284 357 1
284 358 1
284 359 1
284 360 1
284 361 1
284 364 1
284 365 1
284 366 1
284 367 1
284 368 1
284 369 1
284 370 1
284 371 1
284 372 1
284 374 1
284 375 1
284 376 1
284 377 1
284 378 1
284 379 1
284 380 1
284 381 1
284 382 1
284 383 1
284 384 1
284 385 1
284 386 1
284 387 1
284 388 1
284 389 1
284 390 1
284 391 1
284 392 1
284 393 1
284 394 1
284 395 1
284 396 1
284 397 1
284 398 1
284 399 1
284 400 1
284 401 1
284 402 1
284 403 1
284 404 1
284 405 1
284 406 1
284 407 1
284 408 1
284 409 1
284 412 1
284 413 1
284 414 1
284 415 1
284 418 1
284 422 1
284 423 1
284 424 1
284 425 1
284 428 1
284 429 1
284 430 1
284 431 1
284 432 1
284 433 1
284 434 1
284 435 1
284 436 1
284 437 1
284 438 1
284 439 1
284 440 1
284 441 1
284 442 1
284 443 1
284 444 1
284 445 1
284 446 1
284 450 1
284 451 1
284 452 1
284 453 1
284 454 1
284 455 1
284 456 1
284 457 1
284 458 1
284 459 1
284 460 1
284 461 1
284 462 1
284 463 1
284 464 1
284 465 1
284 466 1
284 467 1
284 468 1
284 469 1
284 470 1
284 471 1
284 472 1
284 473 1
284 474 1
284 475 1
284 476 1
284 477 1
284 478 1
284 479 1
284 480 1
284 481 1
284 482 1
284 483 1
284 484 1
284 485 1
284 486 1
284 487 1
284 488 1
284 491 1
284 492 1
284 493 1
284 494 1
284 495 1
284 496 1
284 497 1
284 498 1
284 499 1
284 500 1
284 501 1
284 502 1
284 503 1
284 504 1
284 505 1
284 506 1
284 507 1
284 508 1
284 509 1
284 510 1
284 511 1
284 512 1
284 513 1
284 514 1
284 515 1
284 518 1
284 519 1
284 520 1
284 521 1
284 522 1
284 523 1
284 524 1
284 525 1
284 526 1
284 527 1
284 528 1
284 529 1
284 530 1
284 531 1
284 532 1
284 533 1
284 534 1
284 535 1
284 536 1
284 537 1
284 538 1
284 539 1
284 540 1
284 541 1
284 542 1
284 543 1
284 544 1
284 545 1
284 546 1
284 547 1
284 548 1
284 549 1
284 550 1
284 373 1
284 551 1
284 552 1
284 553 1
284 554 1
284 556 1
284 557 1
284 558 1
284 559 1
284 560 1
284 561 1
284 562 1
284 563 1
284 564 1
284 565 1
284 566 1
284 567 1
284 568 1
284 569 1
284 570 1
284 571 1
284 572 1
284 573 1
284 574 1
284 575 1
284 576 1
284 577 1
284 578 1
284 579 1
284 580 1
284 581 1
284 582 1
284 583 1
284 584 1
284 585 1
284 586 1
284 587 1
284 588 1
284 589 1
284 590 1
284 591 1
284 592 1
284 593 1
284 594 1
284 595 1
284 596 1
284 597 1
284 598 1
284 661 1
284 671 1
284 676 1
284 677 1
284 600 1
284 555 1
284 751 1
284 759 1
284 760 1
287 289 1
287 288 1
288 287 1
288 289 1
291 290 1
293 292 1
295 294 1
303 302 1
303 308 1
303 304 1
303 315 1
304 302 1
304 308 1
304 315 1
304 303 1
313 312 1
316 217 1
317 217 1
317 316 1
320 319 1
321 319 1
323 322 1
324 116 1
324 325 1
325 324 1
325 116 1
326 324 1
326 116 1
328 327 1
330 329 1
330 817 1
331 329 1
333 332 1
333 336 1
335 334 1
338 337 1
341 340 1
341 355 1
346 345 1
363 362 1
373 372 1
373 555 1
373 600 1
373 546 1
373 284 1
411 410 1
417 416 1
420 419 1
421 419 1
427 426 1
448 447 1
449 447 1
449 448 1
490 489 1
514 676 1
514 372 1
514 661 1
514 373 1
514 546 1
514 284 1
517 516 1
517 599 1
517 601 1
517 602 1
517 603 1
517 604 1
517 614 1
517 617 1
517 618 1
517 619 1
517 622 1
517 629 1
517 630 1
517 631 1
517 632 1
517 633 1
517 634 1
517 637 1
517 638 1
517 639 1
517 640 1
517 641 1
517 642 1
517 643 1
517 645 1
517 646 1
517 647 1
517 648 1
517 649 1
517 650 1
517 651 1
606 605 1
608 607 1
610 609 1
610 613 1
612 611 1
616 615 1
621 620 1
624 623 1
626 625 1
628 627 1
636 635 1
644 643 1
653 652 1
655 654 1
655 662 1
655 704 1
655 731 1
657 656 1
659 658 1
660 658 1
660 659 1
661 676 1
661 372 1
661 373 1
661 546 1
661 284 1
664 663 1
665 663 1
668 667 1
668 681 1
668 684 1
669 667 1
669 681 1
669 684 1
669 668 1
673 672 1
675 674 1
675 720 1
675 756 1
675 763 1
680 679 1
683 682 1
687 686 1
691 690 1
693 692 1
695 694 1
697 696 1
700 699 1
702 701 1
702 703 1
703 701 1
703 702 1
706 705 1
706 715 1
706 721 1
706 724 1
706 725 1
706 729 1
706 730 1
706 781 1
708 707 1
709 707 1
711 710 1
711 716 1
711 717 1
712 710 1
712 716 1
712 717 1
712 711 1
714 713 1
719 718 1
723 722 1
727 726 1
728 726 1
728 727 1
733 732 1
733 752 1
735 734 1
737 736 1
739 738 1
741 740 1
741 772 1
741 782 1
741 792 1
743 742 1
745 744 1
747 746 1
747 748 1
750 749 1
754 753 1
755 753 1
755 754 1
758 757 1
762 761 1
765 764 1
766 764 1
767 764 1
770 769 1
774 773 1
776 775 1
776 780 1
776 788 1
776 789 1
776 799 1
776 806 1
776 807 1
778 777 1
784 783 1
785 783 1
787 786 1
791 790 1
794 793 1
796 795 1
798 797 1
801 800 1
802 800 1
802 801 1
804 803 1
805 803 1
809 808 1
811 810 1
813 812 1
815 814 1
816 814 1
818 817 1
819 817 1
820 817 1
822 821 1
824 823 1
826 825 1
