1 2 1
3 4 1
3 5 1
4 5 1
6 2 1
7 8 1
7 9 1
7 10 1
8 9 1
8 10 1
11 12 1
13 14 1
15 16 1
17 12 1
18 19 1
18 20 1
19 18 1
19 20 1
21 22 1
21 23 1
23 22 1
23 21 1
24 25 1
26 27 1
26 114 1
26 115 1
26 116 1
28 29 1
30 31 1
30 32 1
33 34 1
33 156 1
35 36 1
37 38 1
39 40 1
41 2 1
42 43 1
43 137 1
43 138 1
43 221 1
43 222 1
43 223 1
44 45 1
46 2 1
47 2 1
48 49 1
50 51 1
52 53 1
52 54 1
53 54 1
54 53 1
55 56 1
57 58 1
57 59 1
60 61 1
62 61 1
63 61 1
64 61 1
65 38 1
66 38 1
67 68 1
69 70 1
71 38 1
72 38 1
73 38 1
74 75 1
76 75 1
77 38 1
78 38 1
79 38 1
80 38 1
81 38 1
82 38 1
83 38 1
84 38 1
85 38 1
86 38 1
87 38 1
88 38 1
89 75 1
90 91 1
92 38 1
93 38 1
94 38 1
95 38 1
96 97 1
98 97 1
99 38 1
100 38 1
101 38 1
102 38 1
103 38 1
104 38 1
105 38 1
106 38 1
107 38 1
108 109 1
110 111 1
110 112 1
110 113 1
114 26 1
114 115 1
114 116 1
114 137 1
114 138 1
116 325 1
116 324 1
116 326 1
117 109 1
118 109 1
119 120 1
119 121 1
122 123 1
122 124 1
125 126 1
125 109 1
127 2 1
128 126 1
129 126 1
130 126 1
131 132 1
133 134 1
135 136 1
137 138 1
139 140 1
140 139 1
141 2 1
142 143 1
144 145 1
144 146 1
147 148 1
147 149 1
150 151 1
152 153 1
154 132 1
155 132 1
157 23 1
157 22 1
157 21 1
158 159 1
158 160 1
159 160 1
161 162 1
163 267 1
163 266 1
164 165 1
166 167 1
166 168 1
169 170 1
169 171 1
169 172 1
170 171 1
170 172 1
171 170 1
171 172 1
173 162 1
174 175 1
176 31 1
176 32 1
177 31 1
177 32 1
178 31 1
178 32 1
179 31 1
179 32 1
180 181 1
182 183 1
184 183 1
185 175 1
186 31 1
186 32 1
187 140 1
187 139 1
188 189 1
190 191 1
192 193 1
192 194 1
193 194 1
194 193 1
195 196 1
197 198 1
197 199 1
197 200 1
201 202 1
203 204 1
205 206 1
207 2 1
208 209 1
210 211 1
212 213 1
214 215 1
214 216 1
215 216 1
217 205 1
217 316 1
217 317 1
218 136 1
219 162 1
220 2 1
221 222 1
223 221 1
223 222 1
224 225 1
226 227 1
226 228 1
226 229 1
226 230 1
226 231 1
226 232 1
226 233 1
226 234 1
226 235 1
227 228 1
227 229 1
227 226 1
227 230 1
227 231 1
227 232 1
227 233 1
227 234 1
229 226 1
229 230 1
229 231 1
229 232 1
229 233 1
229 234 1
229 235 1
229 227 1
229 240 1
229 241 1
230 229 1
230 226 1
230 231 1
230 232 1
230 233 1
230 234 1
230 235 1
230 227 1
230 240 1
230 241 1
231 229 1
231 226 1
231 230 1
231 232 1
231 233 1
231 234 1
231 235 1
231 227 1
231 240 1
236 227 1
236 228 1
236 229 1
236 226 1
236 230 1
236 231 1
236 232 1
236 233 1
236 234 1
236 235 1
236 240 1
236 241 1
237 238 1
239 238 1
242 229 1
242 226 1
242 230 1
242 231 1
242 232 1
242 233 1
242 234 1
242 235 1
242 227 1
242 240 1
243 109 1
244 109 1
245 109 1
246 247 1
246 248 1
249 250 1
251 252 1
253 254 1
254 253 1
255 250 1
256 2 1
257 258 1
259 134 1
260 261 1
262 263 1
264 265 1
266 163 1
266 267 1
268 269 1
270 271 1
272 273 1
272 274 1
272 275 1
272 276 1
272 277 1
278 204 1
279 280 1
281 282 1
283 284 1
284 373 1
284 514 1
284 661 1
285 134 1
286 134 1
287 288 1
287 116 1
288 287 1
288 116 1
289 287 1
289 288 1
289 116 1
290 291 1
292 293 1
294 295 1
296 284 1
297 284 1
298 271 1
299 213 1
300 271 1
301 271 1
302 303 1
302 304 1
303 304 1
304 303 1
305 134 1
306 213 1
307 284 1
308 303 1
308 304 1
309 284 1
310 213 1
311 213 1
312 313 1
314 213 1
315 303 1
315 304 1
316 317 1
318 175 1
319 320 1
319 321 1
322 323 1
324 325 1
324 116 1
324 326 1
325 116 1
325 324 1
327 328 1
329 330 1
329 331 1
332 333 1
334 335 1
336 333 1
337 338 1
339 284 1
340 341 1
342 284 1
343 284 1
344 284 1
345 346 1
347 284 1
348 284 1
349 284 1
350 284 1
351 284 1
352 284 1
353 284 1
354 284 1
355 341 1
356 284 1
357 284 1
358 284 1
359 284 1
360 284 1
361 284 1
362 363 1
364 284 1
365 284 1
366 284 1
367 284 1
368 284 1
369 284 1
370 284 1
371 284 1
372 373 1
372 284 1
372 514 1
372 661 1
373 284 1
373 514 1
373 661 1
374 284 1
375 284 1
376 284 1
377 284 1
378 284 1
379 284 1
380 284 1
381 284 1
382 284 1
383 284 1
384 284 1
385 284 1
386 284 1
387 284 1
388 284 1
389 284 1
390 284 1
391 284 1
392 284 1
393 284 1
394 284 1
395 284 1
396 284 1
397 284 1
398 284 1
399 284 1
400 284 1
401 284 1
402 284 1
403 284 1
404 284 1
405 284 1
406 284 1
407 284 1
408 284 1
409 284 1
410 411 1
410 223 1
412 284 1
413 284 1
414 284 1
415 284 1
416 417 1
418 284 1
419 420 1
419 421 1
422 284 1
423 284 1
424 284 1
425 284 1
426 427 1
428 284 1
429 284 1
430 284 1
431 284 1
432 284 1
433 284 1
434 284 1
435 284 1
436 284 1
437 284 1
438 284 1
439 284 1
440 284 1
441 284 1
442 284 1
443 284 1
444 284 1
445 284 1
446 284 1
447 448 1
447 449 1
447 200 1
448 449 1
448 200 1
450 284 1
451 284 1
452 284 1
453 284 1
454 284 1
455 284 1
456 284 1
457 284 1
458 284 1
459 284 1
460 284 1
461 284 1
462 284 1
463 284 1
464 284 1
465 284 1
466 284 1
467 284 1
468 284 1
469 284 1
470 284 1
471 284 1
472 284 1
473 284 1
474 284 1
475 284 1
476 284 1
477 284 1
478 284 1
479 284 1
480 284 1
481 284 1
482 284 1
483 284 1
484 284 1
485 284 1
486 284 1
487 284 1
488 284 1
489 490 1
491 284 1
492 284 1
493 284 1
494 284 1
495 284 1
496 284 1
497 284 1
498 284 1
499 284 1
500 284 1
501 284 1
502 284 1
503 284 1
504 284 1
505 284 1
506 284 1
507 284 1
508 284 1
509 284 1
510 284 1
511 284 1
512 284 1
513 284 1
514 284 1
515 284 1
516 517 1
518 284 1
519 284 1
520 284 1
521 284 1
522 284 1
523 284 1
524 284 1
525 284 1
526 284 1
527 284 1
528 284 1
529 284 1
530 284 1
531 284 1
532 284 1
533 284 1
534 284 1
535 284 1
536 284 1
537 284 1
538 284 1
539 284 1
540 284 1
541 284 1
542 284 1
543 284 1
544 284 1
545 284 1
546 284 1
546 373 1
546 514 1
546 661 1
547 284 1
548 284 1
549 284 1
550 284 1
551 284 1
552 284 1
553 284 1
554 284 1
555 373 1
555 284 1
556 284 1
557 284 1
558 284 1
559 284 1
560 284 1
561 284 1
562 284 1
563 284 1
564 284 1
565 284 1
566 284 1
567 284 1
568 284 1
569 284 1
570 284 1
571 284 1
572 284 1
573 284 1
574 284 1
575 284 1
576 284 1
577 284 1
578 284 1
579 284 1
580 284 1
581 284 1
582 284 1
583 284 1
584 284 1
585 284 1
586 284 1
587 284 1
588 284 1
589 284 1
590 284 1
591 284 1
592 284 1
593 284 1
594 284 1
595 284 1
596 284 1
597 284 1
598 284 1
599 517 1
600 373 1
600 284 1
601 517 1
602 517 1
603 517 1
604 517 1
605 606 1
607 608 1
609 610 1
611 612 1
613 610 1
614 517 1
615 616 1
617 517 1
618 517 1
619 517 1
620 621 1
622 517 1
623 624 1
625 626 1
627 628 1
629 517 1
630 517 1
631 517 1
632 517 1
633 517 1
634 517 1
635 636 1
637 517 1
638 517 1
639 517 1
640 517 1
641 517 1
642 517 1
643 644 1
643 517 1
645 517 1
646 517 1
647 517 1
648 517 1
649 517 1
650 517 1
651 517 1
652 653 1
654 655 1
656 657 1
658 659 1
658 660 1
659 660 1
661 284 1
661 514 1
662 655 1
663 664 1
663 665 1
663 116 1
667 668 1
667 669 1
668 669 1
670 56 1
671 284 1
672 673 1
674 675 1
676 284 1
676 514 1
676 661 1
677 284 1
678 138 1
679 680 1
681 668 1
681 669 1
682 683 1
684 668 1
684 669 1
685 2 1
686 687 1
688 16 1
689 134 1
690 691 1
692 693 1
694 695 1
694 116 1
695 116 1
696 697 1
698 145 1
698 146 1
699 700 1
701 702 1
701 703 1
702 703 1
703 702 1
704 655 1
705 706 1
707 708 1
707 709 1
710 711 1
710 712 1
711 712 1
713 714 1
715 706 1
716 711 1
716 712 1
717 711 1
717 712 1
718 719 1
720 675 1
721 706 1
722 723 1
724 706 1
725 706 1
726 727 1
726 728 1
727 728 1
729 706 1
730 706 1
731 655 1
732 733 1
734 735 1
736 737 1
738 739 1
740 741 1
742 743 1
744 745 1
746 747 1
748 747 1
749 750 1
751 284 1
752 733 1
753 754 1
753 755 1
754 755 1
756 675 1
757 758 1
759 284 1
760 284 1
761 762 1
763 675 1
764 765 1
764 766 1
764 767 1
768 192 1
769 770 1
772 741 1
773 774 1
775 776 1
777 778 1
779 134 1
780 776 1
781 706 1
782 741 1
783 784 1
783 785 1
786 787 1
788 776 1
789 776 1
790 791 1
792 741 1
793 794 1
795 796 1
797 798 1
799 776 1
800 801 1
800 802 1
801 802 1
803 804 1
803 805 1
806 776 1
807 776 1
808 809 1
810 811 1
812 813 1
814 815 1
814 816 1
817 818 1
817 819 1
817 330 1
817 820 1
821 822 1
823 824 1
825 826 1
