1 2 1
3 2 1
4 2 1
5 2 1
6 2 1
7 2 1
8 9 1
10 11 1
12 2 1
13 2 1
14 2 1
15 9 1
16 17 1
18 19 1
20 2 1
21 2 1
22 2 1
23 2 1
24 2 1
25 2 1
26 27 1
26 28 1
27 28 1
28 27 1
29 30 1
31 2 1
32 33 1
34 2 1
35 2 1
36 2 1
37 38 1
37 39 1
38 39 1
40 2 1
41 2 1
42 2 1
43 2 1
44 45 1
46 47 1
47 46 1
49 50 1
51 52 1
53 54 1
55 56 1
55 57 1
58 2 1
59 60 1
59 61 1
59 62 1
59 63 1
59 64 1
59 65 1
59 66 1
59 67 1
68 69 1
70 71 1
70 72 1
71 72 1
73 2 1
74 75 1
75 715 1
76 77 1
78 79 1
80 81 1
82 83 1
82 84 1
82 85 1
85 83 1
85 84 1
86 56 1
86 57 1
87 88 1
89 90 1
91 2 1
92 2 1
93 94 1
95 71 1
95 72 1
96 11 1
97 98 1
99 100 1
101 102 1
103 104 1
103 866 1
105 106 1
107 75 1
108 2 1
109 110 1
112 113 1
112 114 1
113 114 1
114 113 1
115 2 1
116 56 1
116 57 1
117 2 1
118 119 1
120 121 1
122 123 1
124 71 1
124 72 1
125 126 1
127 2 1
128 2 1
129 130 1
131 132 1
133 71 1
133 72 1
134 135 1
136 130 1
137 138 1
137 679 1
137 1475 1
140 2 1
141 113 1
141 114 1
142 130 1
143 144 1
145 130 1
146 2 1
147 148 1
149 2 1
150 151 1
150 152 1
153 71 1
153 72 1
154 155 1
156 2 1
157 158 1
160 71 1
160 72 1
161 56 1
161 57 1
162 2 1
163 164 1
165 2 1
166 71 1
166 72 1
168 71 1
168 72 1
169 170 1
171 172 1
171 2716 1
171 2717 1
173 100 1
174 2 1
175 176 1
175 819 1
178 179 1
180 2 1
181 182 1
183 184 1
185 2 1
186 2 1
187 2 1
188 2 1
189 2 1
190 191 1
190 192 1
193 113 1
193 114 1
194 2 1
195 71 1
195 72 1
196 113 1
196 114 1
197 198 1
199 200 1
201 202 1
203 204 1
203 205 1
203 206 1
204 205 1
204 206 1
206 204 1
206 205 1
207 208 1
207 209 1
210 211 1
212 56 1
212 57 1
213 214 1
215 56 1
215 57 1
217 208 1
217 209 1
218 179 1
219 204 1
219 205 1
219 206 1
220 221 1
222 100 1
223 224 1
225 226 1
227 176 1
228 229 1
230 56 1
230 57 1
231 71 1
231 72 1
232 233 1
233 696 1
234 235 1
234 236 1
237 100 1
238 27 1
238 28 1
239 240 1
241 56 1
241 57 1
242 100 1
243 75 1
244 245 1
246 182 1
247 248 1
249 250 1
251 252 1
253 254 1
255 256 1
257 130 1
258 259 1
260 56 1
260 57 1
261 71 1
261 72 1
262 263 1
264 56 1
264 57 1
265 266 1
267 100 1
268 2 1
269 27 1
269 28 1
270 148 1
271 56 1
271 57 1
272 273 1
272 951 1
272 1129 1
272 1897 1
272 1952 1
272 2086 1
272 2087 1
272 2378 1
272 2542 1
272 2576 1
272 2703 1
272 2919 1
274 275 1
276 277 1
278 279 1
281 282 1
283 56 1
283 57 1
285 286 1
287 27 1
287 28 1
288 289 1
288 290 1
288 422 1
288 1194 1
288 1195 1
288 1196 1
288 1197 1
288 1356 1
288 1357 1
288 1358 1
288 1359 1
288 1360 1
288 36 1
291 292 1
293 294 1
295 71 1
295 72 1
296 297 1
298 299 1
300 301 1
300 302 1
300 303 1
301 302 1
301 303 1
304 305 1
307 308 1
307 309 1
310 311 1
312 130 1
313 314 1
315 100 1
316 317 1
316 325 1
318 319 1
320 321 1
320 322 1
323 71 1
323 72 1
324 325 1
326 327 1
328 100 1
329 56 1
329 57 1
330 331 1
332 333 1
334 335 1
334 336 1
334 2979 1
334 2980 1
334 2981 1
337 299 1
338 339 1
340 182 1
341 342 1
343 191 1
343 192 1
344 179 1
345 346 1
345 347 1
348 56 1
348 57 1
349 350 1
351 352 1
353 179 1
354 355 1
356 357 1
358 359 1
360 179 1
361 362 1
363 2 1
364 365 1
366 2 1
367 368 1
369 370 1
371 56 1
371 57 1
372 373 1
372 396 1
373 396 1
375 376 1
377 378 1
379 75 1
380 30 1
381 382 1
383 75 1
384 30 1
385 30 1
386 387 1
386 389 1
388 71 1
388 72 1
390 245 1
391 359 1
393 394 1
395 373 1
395 396 1
397 398 1
399 400 1
401 400 1
402 71 1
402 72 1
404 71 1
404 72 1
405 406 1
405 317 1
405 727 1
405 1334 1
405 2756 1
406 317 1
407 56 1
407 57 1
408 409 1
408 424 1
410 411 1
413 71 1
413 72 1
414 415 1
416 417 1
418 409 1
419 420 1
421 224 1
423 424 1
423 973 1
425 426 1
427 428 1
429 191 1
429 192 1
430 431 1
432 433 1
432 434 1
435 325 1
436 400 1
437 415 1
438 439 1
438 440 1
439 440 1
441 75 1
443 444 1
445 446 1
447 448 1
449 450 1
449 451 1
452 245 1
453 454 1
455 373 1
456 457 1
456 458 1
456 459 1
456 460 1
456 461 1
456 462 1
463 464 1
465 71 1
465 72 1
467 468 1
469 352 1
470 471 1
472 473 1
474 475 1
476 56 1
476 57 1
477 478 1
479 480 1
481 71 1
481 72 1
482 483 1
484 325 1
484 485 1
485 325 1
486 411 1
487 468 1
488 489 1
490 491 1
490 492 1
491 492 1
493 494 1
496 491 1
496 492 1
497 491 1
497 492 1
498 491 1
498 492 1
499 500 1
499 501 1
502 352 1
503 373 1
504 505 1
506 507 1
508 245 1
509 510 1
511 512 1
513 468 1
514 515 1
516 352 1
517 518 1
517 519 1
520 521 1
522 523 1
522 524 1
525 333 1
526 111 1
527 528 1
529 339 1
530 531 1
532 94 1
533 75 1
534 325 1
535 411 1
537 538 1
537 539 1
537 540 1
537 541 1
537 542 1
537 561 1
543 544 1
545 400 1
546 515 1
546 547 1
548 71 1
548 72 1
549 550 1
551 552 1
553 554 1
553 555 1
554 555 1
556 557 1
558 559 1
558 560 1
562 563 1
564 565 1
566 567 1
568 569 1
570 224 1
571 572 1
573 574 1
575 373 1
575 396 1
576 577 1
579 580 1
579 2039 1
581 113 1
581 114 1
582 583 1
582 584 1
586 587 1
586 588 1
589 590 1
592 352 1
593 594 1
593 610 1
593 1523 1
595 515 1
596 373 1
597 75 1
598 325 1
599 600 1
601 56 1
601 57 1
602 603 1
602 604 1
605 591 1
606 591 1
607 608 1
607 609 1
608 609 1
609 608 1
611 245 1
612 613 1
614 615 1
616 444 1
617 319 1
618 102 1
619 620 1
621 622 1
623 624 1
625 626 1
627 56 1
627 57 1
628 629 1
630 631 1
630 632 1
633 583 1
633 584 1
634 245 1
635 636 1
637 638 1
639 71 1
639 72 1
640 641 1
642 352 1
643 644 1
643 645 1
646 647 1
648 649 1
650 319 1
651 352 1
652 653 1
652 654 1
655 352 1
656 319 1
657 658 1
657 659 1
660 608 1
660 609 1
661 319 1
662 663 1
664 554 1
664 555 1
665 424 1
666 319 1
667 668 1
669 245 1
670 319 1
671 672 1
673 319 1
674 373 1
675 468 1
676 677 1
680 464 1
680 861 1
681 682 1
683 56 1
683 57 1
684 245 1
686 687 1
688 689 1
688 690 1
691 75 1
692 2 1
693 694 1
695 71 1
695 72 1
696 233 1
697 71 1
697 72 1
698 699 1
700 256 1
701 702 1
701 1805 1
703 704 1
704 1647 1
705 2 1
706 707 1
708 400 1
709 400 1
711 712 1
713 714 1
717 718 1
719 720 1
721 56 1
721 57 1
722 445 1
722 446 1
724 256 1
725 726 1
728 76 1
729 730 1
731 732 1
733 734 1
735 554 1
735 555 1
736 71 1
736 72 1
737 738 1
739 224 1
740 741 1
742 743 1
744 745 1
746 747 1
748 749 1
750 325 1
751 752 1
751 753 1
754 252 1
755 256 1
756 56 1
756 57 1
757 758 1
759 760 1
761 762 1
763 71 1
763 72 1
764 765 1
766 767 1
768 245 1
769 770 1
771 325 1
772 71 1
772 72 1
773 774 1
775 776 1
777 71 1
777 72 1
778 779 1
780 781 1
782 574 1
784 155 1
785 786 1
787 131 1
787 132 1
788 400 1
789 71 1
789 72 1
790 791 1
792 131 1
792 132 1
792 1486 1
793 794 1
793 2235 1
795 796 1
797 131 1
797 132 1
798 275 1
798 799 1
798 800 1
801 802 1
803 804 1
803 805 1
804 1996 1
806 807 1
806 808 1
807 808 1
809 743 1
810 71 1
810 72 1
811 812 1
813 75 1
814 56 1
814 57 1
815 603 1
815 604 1
816 804 1
816 805 1
817 71 1
817 72 1
818 819 1
820 75 1
820 715 1
821 301 1
821 302 1
821 303 1
822 52 1
823 734 1
824 825 1
826 827 1
826 828 1
829 830 1
831 256 1
832 75 1
833 834 1
835 75 1
835 715 1
837 838 1
839 840 1
841 687 1
842 843 1
842 734 1
844 845 1
846 847 1
848 56 1
848 57 1
849 850 1
851 852 1
851 853 1
854 855 1
856 857 1
858 554 1
858 555 1
859 760 1
860 834 1
862 863 1
864 400 1
865 424 1
867 868 1
869 274 1
869 275 1
870 871 1
872 83 1
872 84 1
872 85 1
873 874 1
873 875 1
873 876 1
873 877 1
873 878 1
873 879 1
873 880 1
873 881 1
882 56 1
882 57 1
883 88 1
884 155 1
885 52 1
886 887 1
888 424 1
889 890 1
889 891 1
889 892 1
889 893 1
894 895 1
894 896 1
894 897 1
898 899 1
898 325 1
899 907 1
899 325 1
900 901 1
900 325 1
901 325 1
902 903 1
905 887 1
906 887 1
908 909 1
910 911 1
910 912 1
910 361 1
911 361 1
913 102 1
914 83 1
914 84 1
914 85 1
915 400 1
916 424 1
917 918 1
919 920 1
921 211 1
922 923 1
924 925 1
928 468 1
928 311 1
929 791 1
930 931 1
932 71 1
932 72 1
933 934 1
935 936 1
935 937 1
936 937 1
936 1166 1
936 1167 1
936 1168 1
936 1169 1
936 1170 1
936 1171 1
936 1172 1
936 1173 1
936 1174 1
936 1175 1
938 939 1
940 71 1
940 72 1
941 942 1
943 944 1
945 946 1
947 927 1
948 83 1
948 84 1
948 85 1
949 56 1
949 57 1
950 752 1
950 753 1
952 953 1
954 955 1
956 624 1
957 958 1
957 974 1
957 3038 1
959 960 1
962 714 1
963 56 1
963 57 1
964 678 1
965 878 1
965 966 1
965 967 1
968 944 1
969 970 1
971 569 1
972 973 1
975 75 1
976 424 1
977 791 1
978 71 1
978 72 1
979 980 1
981 982 1
983 56 1
983 57 1
984 289 1
984 985 1
986 56 1
986 57 1
987 988 1
987 325 1
988 325 1
990 991 1
990 992 1
990 993 1
990 994 1
990 995 1
990 996 1
990 997 1
990 998 1
990 999 1
990 2974 1
990 2975 1
990 3062 1
990 2944 1
990 3073 1
990 3074 1
990 3075 1
990 3076 1
990 3077 1
990 3078 1
990 3079 1
990 3080 1
1000 424 1
1001 56 1
1001 57 1
1002 1003 1
1005 424 1
1006 71 1
1006 72 1
1007 1008 1
1009 714 1
1010 1011 1
1012 1013 1
1014 75 1
1015 448 1
1016 1017 1
1017 743 1
1018 1013 1
1019 325 1
1020 1017 1
1021 445 1
1021 446 1
1022 75 1
1023 1024 1
1025 1026 1
1027 75 1
1028 182 1
1029 1030 1
1031 75 1
1032 233 1
1034 1035 1
1036 1037 1
1038 1039 1
1038 1040 1
1039 1040 1
1039 1038 1
1041 56 1
1041 57 1
1042 56 1
1042 57 1
1043 71 1
1043 72 1
1044 1045 1
1046 325 1
1047 52 1
1048 33 1
1049 373 1
1050 944 1
1051 791 1
1052 1053 1
1054 1055 1
1054 1056 1
1054 1057 1
1058 1059 1
1060 75 1
1061 1062 1
1063 791 1
1064 1065 1
1066 1067 1
1068 52 1
1069 791 1
1070 1071 1
1070 325 1
1071 325 1
1072 1073 1
1072 1074 1
1072 1075 1
1076 75 1
1076 334 1
1076 335 1
1076 336 1
1077 1078 1
1079 56 1
1079 57 1
1080 52 1
1081 75 1
1082 1083 1
1082 1084 1
1082 1085 1
1084 1085 1
1084 1083 1
1086 791 1
1087 1088 1
1087 2147 1
1089 791 1
1090 1083 1
1090 1084 1
1090 1085 1
1091 791 1
1092 791 1
1093 245 1
1094 71 1
1094 72 1
1095 56 1
1095 57 1
1096 791 1
1097 1098 1
1099 1100 1
1099 1101 1
1102 56 1
1102 57 1
1103 1104 1
1105 1106 1
1107 1083 1
1107 1084 1
1107 1085 1
1108 1109 1
1108 1110 1
1108 1111 1
1108 1112 1
1108 1113 1
1108 1114 1
1108 1115 1
1108 1116 1
1117 1118 1
1119 944 1
1120 1121 1
1122 600 1
1123 1083 1
1124 325 1
1126 1083 1
1126 1084 1
1126 1085 1
1127 1128 1
1131 1132 1
1133 71 1
1133 72 1
1134 1083 1
1134 1084 1
1134 1085 1
1135 1030 1
1136 56 1
1136 57 1
1137 71 1
1137 72 1
1138 1139 1
1140 1030 1
1141 1142 1
1143 1139 1
1144 1145 1
1146 71 1
1146 72 1
1147 1139 1
1148 752 1
1148 753 1
1149 325 1
1150 1139 1
1151 1139 1
1152 1139 1
1153 1139 1
1154 515 1
1155 1156 1
1157 1139 1
1158 56 1
1158 57 1
1159 1160 1
1159 1893 1
1159 2111 1
1161 71 1
1161 72 1
1162 569 1
1163 1017 1
1164 1165 1
1176 909 1
1177 1178 1
1179 1180 1
1181 1180 1
1181 1905 1
1182 714 1
1183 1184 1
1183 3213 1
1183 3214 1
1183 3215 1
1185 325 1
1186 83 1
1186 84 1
1186 85 1
1187 1188 1
1189 1190 1
1191 277 1
1191 1192 1
1193 714 1
1198 1017 1
1199 1200 1
1201 1202 1
1203 1204 1
1205 71 1
1205 72 1
1206 71 1
1206 72 1
1207 33 1
1208 712 1
1209 574 1
1210 982 1
1211 1212 1
1213 71 1
1213 72 1
1214 944 1
1215 71 1
1215 72 1
1216 1217 1
1216 1401 1
1218 1219 1
1220 1221 1
1222 1223 1
1224 515 1
1225 1226 1
1227 71 1
1227 72 1
1228 1229 1
1228 275 1
1229 275 1
1230 1231 1
1230 1232 1
1233 515 1
1234 1235 1
1236 714 1
1236 71 1
1236 72 1
1237 426 1
1238 71 1
1238 72 1
1240 1241 1
1242 1243 1
1244 779 1
1245 71 1
1245 72 1
1246 1247 1
1248 71 1
1248 72 1
1249 71 1
1249 72 1
1250 71 1
1250 72 1
1251 1252 1
1253 804 1
1254 56 1
1254 57 1
1255 1256 1
1257 1258 1
1259 71 1
1259 72 1
1260 1256 1
1261 19 1
1262 71 1
1262 72 1
1263 1256 1
1264 182 1
1265 1266 1
1267 1258 1
1268 1269 1
1270 1256 1
1271 1272 1
1273 71 1
1273 72 1
1274 1266 1
1275 714 1
1276 71 1
1276 72 1
1277 1278 1
1277 1279 1
1278 1279 1
1280 1281 1
1282 1283 1
1284 1285 1
1286 56 1
1286 57 1
1287 71 1
1287 72 1
1288 1289 1
1290 56 1
1290 57 1
1291 182 1
1292 71 1
1292 72 1
1293 71 1
1293 72 1
1294 1241 1
1295 373 1
1295 396 1
1296 71 1
1296 72 1
1297 71 1
1297 72 1
1298 333 1
1299 982 1
1300 1017 1
1301 71 1
1301 72 1
1302 1128 1
1303 71 1
1303 72 1
1304 752 1
1304 753 1
1305 71 1
1305 72 1
1306 1307 1
1308 71 1
1308 72 1
1309 752 1
1309 753 1
1310 982 1
1311 71 1
1311 72 1
1312 245 1
1313 71 1
1313 72 1
1314 211 1
1315 71 1
1315 72 1
1316 75 1
1316 715 1
1317 1318 1
1319 71 1
1319 72 1
1320 71 1
1320 72 1
1321 71 1
1321 72 1
1322 1323 1
1324 71 1
1324 72 1
1325 71 1
1325 72 1
1326 71 1
1326 72 1
1327 71 1
1327 72 1
1328 1329 1
1330 373 1
1330 396 1
1331 56 1
1331 57 1
1332 71 1
1332 72 1
1333 1334 1
1335 71 1
1335 72 1
1336 71 1
1336 72 1
1337 202 1
1338 71 1
1338 72 1
1339 1017 1
1340 71 1
1340 72 1
1341 71 1
1341 72 1
1342 71 1
1342 72 1
1343 71 1
1343 72 1
1344 71 1
1344 72 1
1345 804 1
1346 1347 1
1348 1349 1
1350 176 1
1351 1352 1
1353 448 1
1354 1355 1
1361 1362 1
1363 275 1
1364 1362 1
1365 1366 1
1367 752 1
1367 753 1
1368 275 1
1369 334 1
1369 335 1
1369 336 1
1370 1371 1
1372 450 1
1372 451 1
1373 712 1
1374 191 1
1374 192 1
1375 1376 1
1375 654 1
1377 102 1
1378 1379 1
1380 1381 1
1382 1383 1
1384 654 1
1384 1385 1
1386 245 1
1387 1388 1
1387 1389 1
1390 1347 1
1391 1392 1
1393 33 1
1394 451 1
1395 1278 1
1395 1279 1
1396 56 1
1396 57 1
1397 1398 1
1399 1400 1
1399 1401 1
1400 1401 1
1402 191 1
1402 192 1
1403 30 1
1404 33 1
1405 1406 1
1407 56 1
1407 57 1
1408 245 1
1409 515 1
1410 275 1
1411 19 1
1412 857 1
1413 1414 1
1413 524 1
1415 191 1
1415 192 1
1416 1252 1
1417 245 1
1418 694 1
1419 352 1
1420 1421 1
1420 1422 1
1420 1423 1
1424 804 1
1424 805 1
1425 1426 1
1427 1347 1
1428 468 1
1429 1430 1
1431 1432 1
1433 1017 1
1434 325 1
1435 256 1
1436 1371 1
1437 1088 1
1438 1439 1
1440 1441 1
1442 1443 1
1444 1445 1
1446 33 1
1447 712 1
1448 352 1
1449 245 1
1450 245 1
1451 641 1
1452 1121 1
1453 1454 1
1455 325 1
1456 1457 1
1458 1459 1
1460 448 1
1461 373 1
1461 396 1
1462 1463 1
1464 515 1
1465 1466 1
1467 1468 1
1469 1470 1
1471 1472 1
1473 857 1
1474 1475 1
1476 515 1
1477 1478 1
1478 1477 1
1479 191 1
1479 192 1
1480 191 1
1480 192 1
1481 515 1
1482 19 1
1483 712 1
1484 352 1
1485 1486 1
1487 1388 1
1487 1389 1
1488 373 1
1489 1475 1
1490 252 1
1491 1492 1
1493 738 1
1494 1475 1
1495 1496 1
1496 1495 1
1497 1498 1
1497 1499 1
1500 1501 1
1500 1502 1
1500 1503 1
1504 1505 1
1504 1506 1
1504 1519 1
1507 182 1
1508 392 1
1509 1486 1
1510 1511 1
1512 1513 1
1514 1515 1
1516 1486 1
1517 1518 1
1520 478 1
1521 1486 1
1522 515 1
1524 1383 1
1525 1526 1
1527 1528 1
1529 1383 1
1530 847 1
1531 325 1
1532 855 1
1533 275 1
1534 1535 1
1536 373 1
1537 1538 1
1539 1540 1
1541 1542 1
1541 1543 1
1544 1545 1
1544 1546 1
1547 1548 1
1547 1549 1
1550 745 1
1551 1121 1
1552 1553 1
1554 1470 1
1555 1556 1
1557 1470 1
1558 944 1
1559 743 1
1560 30 1
1561 1562 1
1561 1563 1
1561 1564 1
1565 1470 1
1566 30 1
1567 233 1
1568 256 1
1569 233 1
1569 696 1
1570 450 1
1570 451 1
1571 233 1
1572 944 1
1573 30 1
1574 1470 1
1575 515 1
1576 478 1
1577 83 1
1577 84 1
1577 85 1
1578 1579 1
1578 325 1
1579 325 1
1580 1581 1
1582 30 1
1583 752 1
1583 753 1
1584 191 1
1584 192 1
1585 624 1
1586 191 1
1586 192 1
1587 1588 1
1589 83 1
1589 84 1
1589 85 1
1590 33 1
1591 468 1
1592 901 1
1592 325 1
1593 1594 1
1595 191 1
1595 192 1
1596 256 1
1597 256 1
1598 1599 1
1598 1600 1
1601 1602 1
1601 1603 1
1601 1604 1
1601 1605 1
1601 1606 1
1607 468 1
1608 83 1
1608 84 1
1608 85 1
1609 1535 1
1610 1202 1
1611 325 1
1612 1613 1
1614 1615 1
1614 1616 1
1615 1616 1
1617 944 1
1618 1619 1
1620 1621 1
1620 1622 1
1621 1622 1
1623 1383 1
1624 191 1
1624 192 1
1625 944 1
1626 327 1
1627 83 1
1627 84 1
1627 85 1
1628 752 1
1628 753 1
1629 1383 1
1630 327 1
1631 1632 1
1631 1633 1
1632 1633 1
1633 1632 1
1634 464 1
1635 33 1
1636 1637 1
1636 1999 1
1636 2441 1
1638 33 1
1639 1640 1
1639 672 1
1641 752 1
1641 753 1
1642 1643 1
1644 373 1
1645 703 1
1645 704 1
1645 1647 1
1646 1266 1
1648 1649 1
1650 1619 1
1651 1652 1
1651 528 1
1651 1653 1
1654 1655 1
1656 1657 1
1656 1658 1
1659 1660 1
1659 1661 1
1662 1663 1
1664 1665 1
1666 1667 1
1668 1669 1
1670 83 1
1670 84 1
1670 85 1
1671 1669 1
1672 1285 1
1673 83 1
1673 84 1
1673 85 1
1674 1675 1
1676 1677 1
1678 1679 1
1680 30 1
1681 1682 1
1683 373 1
1684 1685 1
1686 944 1
1687 1688 1
1689 325 1
1690 1688 1
1691 1692 1
1693 373 1
1694 1695 1
1696 256 1
1697 1698 1
1699 1700 1
1701 1702 1
1703 1704 1
1705 1706 1
1707 1708 1
1709 745 1
1710 1711 1
1712 1713 1
1714 325 1
1715 280 1
1716 1717 1
1718 352 1
1719 1720 1
1719 1721 1
1719 1722 1
1719 1723 1
1719 1724 1
1719 1725 1
1719 1726 1
1719 1732 1
1719 1733 1
1719 1734 1
1719 1735 1
1727 1713 1
1728 1729 1
1730 256 1
1731 620 1
1736 1737 1
1738 1619 1
1739 1619 1
1740 1501 1
1740 1502 1
1740 1503 1
1741 1619 1
1742 1700 1
1743 256 1
1744 1745 1
1746 256 1
1747 1748 1
1749 1713 1
1750 1751 1
1752 182 1
1753 325 1
1754 1682 1
1755 325 1
1756 1713 1
1757 745 1
1758 1202 1
1759 1760 1
1761 256 1
1762 1682 1
1763 1764 1
1763 1765 1
1764 1765 1
1766 944 1
1767 1682 1
1768 850 1
1769 450 1
1769 451 1
1770 1771 1
1772 1773 1
1774 752 1
1774 753 1
1775 1285 1
1776 1777 1
1778 1688 1
1779 1780 1
1779 1781 1
1780 1781 1
1782 1682 1
1783 679 1
1784 1785 1
1786 1682 1
1787 1202 1
1788 325 1
1789 1660 1
1789 1790 1
1790 1660 1
1791 1792 1
1793 752 1
1793 753 1
1794 1682 1
1795 1796 1
1797 944 1
1798 1799 1
1800 1285 1
1801 774 1
1802 325 1
1803 30 1
1804 256 1
1805 1820 1
1806 1807 1
1806 1808 1
1809 1247 1
1810 804 1
1811 83 1
1811 84 1
1811 85 1
1812 1813 1
1814 1669 1
1815 1816 1
1815 1828 1
1817 1818 1
1817 1819 1
1818 1819 1
1821 1822 1
1823 663 1
1824 1825 1
1826 752 1
1826 753 1
1827 1202 1
1829 325 1
1830 182 1
1831 752 1
1831 753 1
1832 1669 1
1833 1834 1
1835 804 1
1836 1698 1
1837 184 1
1838 1839 1
1840 1615 1
1840 1616 1
1841 804 1
1842 1688 1
1843 1844 1
1845 1846 1
1848 182 1
1849 743 1
1850 1851 1
1852 1853 1
1854 1796 1
1855 483 1
1856 577 1
1858 1859 1
1858 1860 1
1861 515 1
1862 1863 1
1862 325 1
1863 325 1
1864 804 1
1865 804 1
1867 804 1
1868 1202 1
1869 325 1
1870 1796 1
1871 1872 1
1873 804 1
1874 1875 1
1876 1877 1
1878 804 1
1879 256 1
1880 1501 1
1880 1502 1
1880 1503 1
1881 1818 1
1881 1819 1
1882 1883 1
1884 1818 1
1884 1819 1
1885 1886 1
1885 325 1
1886 325 1
1887 1888 1
1887 2482 1
1889 663 1
1890 325 1
1891 515 1
1892 325 1
1894 1719 1
1894 1720 1
1894 1721 1
1894 1722 1
1894 1723 1
1894 1724 1
1894 1725 1
1894 1726 1
1895 1896 1
1898 1899 1
1900 1901 1
1902 1903 1
1904 1905 1
1906 176 1
1907 274 1
1907 275 1
1908 325 1
1909 515 1
1910 555 1
1911 1912 1
1911 1913 1
1914 1915 1
1914 1916 1
1917 256 1
1918 903 1
1919 252 1
1920 1615 1
1920 1616 1
1921 256 1
1922 1923 1
1924 1925 1
1924 1926 1
1925 1926 1
1927 982 1
1928 325 1
1929 1930 1
1929 1931 1
1930 1931 1
1932 274 1
1932 275 1
1933 1934 1
1935 1688 1
1936 1937 1
1938 1202 1
1939 1660 1
1939 1790 1
1940 1941 1
1940 1942 1
1940 1943 1
1940 1944 1
1945 624 1
1946 1905 1
1947 1905 1
1948 275 1
1949 1950 1
1951 1950 1
1953 1954 1
1955 1956 1
1957 1958 1
1959 1960 1
1961 1202 1
1962 1202 1
1963 1964 1
1966 1967 1
1968 1969 1
1970 1202 1
1971 1972 1
1973 515 1
1974 1975 1
1976 515 1
1978 373 1
1979 1975 1
1980 373 1
1981 1982 1
1983 1202 1
1984 1985 1
1986 1202 1
1987 294 1
1988 1202 1
1989 1202 1
1990 468 1
1991 113 1
1992 1993 1
1995 1247 1
1997 1998 1
2002 1993 1
2003 2004 1
2005 2006 1
2007 2008 1
2009 2010 1
2011 786 1
2012 2013 1
2014 2015 1
2016 857 1
2017 786 1
2018 1993 1
2019 1993 1
2020 1993 1
2021 2022 1
2021 2132 1
2023 2008 1
2024 1993 1
2025 2026 1
2025 2027 1
2028 2029 1
2030 608 1
2030 609 1
2031 280 1
2032 1632 1
2032 1633 1
2033 2034 1
2033 2035 1
2036 2037 1
2038 2022 1
2038 2132 1
2040 2041 1
2042 2043 1
2044 2045 1
2044 2046 1
2047 2048 1
2049 857 1
2050 176 1
2051 2052 1
2053 139 1
2054 2055 1
2056 2057 1
2058 752 1
2058 753 1
2059 786 1
2060 1764 1
2060 1765 1
2061 2062 1
2063 2064 1
2063 2065 1
2063 2066 1
2063 2067 1
2063 2068 1
2069 252 1
2071 2072 1
2073 2074 1
2075 2076 1
2077 52 1
2078 2079 1
2080 515 1
2081 75 1
2082 1764 1
2082 1765 1
2083 524 1
2083 2084 1
2083 2085 1
2088 515 1
2089 515 1
2090 2091 1
2092 786 1
2093 2094 1
2095 2096 1
2097 1643 1
2098 2099 1
2100 786 1
2101 515 1
2102 2103 1
2104 2105 1
2104 2157 1
2104 1969 1
2104 2472 1
2104 703 1
2104 704 1
2104 2840 1
2106 2107 1
2108 2109 1
2110 373 1
2113 2111 1
2114 2115 1
2116 2117 1
2118 936 1
2118 2119 1
2118 2120 1
2121 2122 1
2123 373 1
2124 2125 1
2124 2126 1
2124 2127 1
2124 2128 1
2124 2129 1
2124 2130 1
2131 2132 1
2133 786 1
2134 2135 1
2136 2137 1
2136 1942 1
2138 767 1
2140 2141 1
2140 2132 1
2142 176 1
2143 1822 1
2144 2145 1
2146 252 1
2148 2149 1
2150 819 1
2151 2152 1
2153 1822 1
2154 2155 1
2156 574 1
2158 2159 1
2160 2161 1
2162 786 1
2163 468 1
2164 1958 1
2165 424 1
2166 176 1
2167 176 1
2168 868 1
2169 2170 1
2171 415 1
2172 2117 1
2173 2174 1
2175 1688 1
2176 2177 1
2178 2179 1
2180 1780 1
2180 1781 1
2181 2174 1
2181 3065 1
2181 3066 1
2182 2183 1
2184 2185 1
2184 2186 1
2185 2186 1
2188 524 1
2189 1669 1
2190 857 1
2191 2192 1
2193 767 1
2195 2196 1
2197 2198 1
2199 2200 1
2201 2202 1
2203 2204 1
2205 2206 1
2207 2208 1
2209 2210 1
2211 2212 1
2213 1632 1
2213 1633 1
2214 1065 1
2215 83 1
2215 84 1
2215 85 1
2216 176 1
2217 2218 1
2219 760 1
2220 2221 1
2222 1632 1
2222 1633 1
2223 2224 1
2223 365 1
2224 365 1
2225 2226 1
2225 2227 1
2228 2229 1
2230 515 1
2231 2232 1
2233 2234 1
2236 2237 1
2238 743 1
2239 857 1
2240 450 1
2240 451 1
2241 2242 1
2243 1969 1
2244 2245 1
2246 2247 1
2248 2249 1
2250 2251 1
2250 2252 1
2250 2253 1
2254 2249 1
2255 2256 1
2257 847 1
2258 1903 1
2259 2260 1
2261 515 1
2262 2263 1
2264 1381 1
2265 311 1
2266 624 1
2267 275 1
2268 2269 1
2270 1470 1
2271 1695 1
2273 2274 1
2275 2276 1
2277 2278 1
2279 2062 1
2280 252 1
2281 524 1
2282 2278 1
2283 847 1
2284 2285 1
2286 50 1
2287 2288 1
2287 2289 1
2290 2291 1
2292 2291 1
2293 804 1
2293 805 1
2294 2295 1
2294 2296 1
2294 2297 1
2294 2298 1
2299 624 1
2300 515 1
2301 2062 1
2302 2278 1
2303 2304 1
2305 450 1
2305 451 1
2306 2307 1
2308 2309 1
2310 2311 1
2312 2062 1
2313 515 1
2314 2315 1
2316 311 1
2317 182 1
2318 2319 1
2320 2319 1
2321 515 1
2322 2323 1
2322 2324 1
2326 2327 1
2326 280 1
2328 76 1
2328 728 1
2329 2330 1
2331 2332 1
2333 468 1
2334 2335 1
2336 2337 1
2338 2339 1
2338 2340 1
2338 2341 1
2338 2342 1
2338 2343 1
2344 252 1
2345 2346 1
2345 2347 1
2346 2347 1
2348 2349 1
2350 182 1
2351 2352 1
2353 2354 1
2355 182 1
2356 2346 1
2356 2347 1
2357 2358 1
2359 75 1
2359 2365 1
2360 450 1
2360 451 1
2362 1013 1
2363 468 1
2364 2185 1
2364 2186 1
2366 398 1
2367 2368 1
2369 2370 1
2371 2372 1
2373 2374 1
2375 1269 1
2376 2377 1
2379 373 1
2380 2381 1
2382 2383 1
2384 2385 1
2386 2387 1
2388 2385 1
2388 3314 1
2389 1632 1
2389 1633 1
2390 2391 1
2392 2393 1
2392 2137 1
2393 2137 1
2394 2395 1
2396 2397 1
2398 275 1
2399 2400 1
2402 2401 1
2403 2404 1
2405 2256 1
2406 252 1
2407 468 1
2408 2354 1
2409 321 1
2409 322 1
2410 2411 1
2412 2212 1
2413 2414 1
2415 2354 1
2416 1013 1
2417 2354 1
2418 2419 1
2420 182 1
2421 252 1
2422 2423 1
2424 2425 1
2426 847 1
2427 936 1
2427 2119 1
2427 2120 1
2428 2429 1
2430 2431 1
2432 1669 1
2433 2434 1
2435 2436 1
2437 2438 1
2439 182 1
2440 2256 1
2442 2443 1
2444 2247 1
2445 2446 1
2445 2447 1
2448 2449 1
2448 2450 1
2451 1669 1
2452 468 1
2453 2454 1
2455 2443 1
2456 2457 1
2458 2459 1
2460 30 1
2461 2462 1
2463 2464 1
2465 2466 1
2467 30 1
2468 2400 1
2469 2470 1
2471 2395 1
2473 2474 1
2475 83 1
2475 84 1
2475 85 1
2476 2477 1
2478 2411 1
2479 30 1
2480 30 1
2481 2443 1
2483 182 1
2484 1669 1
2485 2486 1
2487 339 1
2488 2489 1
2490 182 1
2491 512 1
2492 2493 1
2492 2494 1
2495 2496 1
2495 2497 1
2498 1657 1
2498 1658 1
2499 1269 1
2500 2395 1
2501 373 1
2502 2503 1
2504 2161 1
2505 2506 1
2507 970 1
2508 2395 1
2509 468 1
2510 2395 1
2511 641 1
2512 2513 1
2514 1688 1
2515 2516 1
2517 2443 1
2518 2519 1
2520 1872 1
2522 2523 1
2524 2525 1
2526 2527 1
2528 512 1
2529 1708 1
2530 1669 1
2531 2532 1
2531 2533 1
2531 2534 1
2535 417 1
2536 2537 1
2538 2443 1
2539 1643 1
2540 2541 1
2543 1698 1
2544 468 1
2545 2546 1
2545 2547 1
2548 1669 1
2549 2550 1
2551 450 1
2551 451 1
2552 1669 1
2553 2554 1
2553 2555 1
2553 2556 1
2553 2557 1
2553 2558 1
2553 2559 1
2553 2560 1
2553 2561 1
2562 1669 1
2563 679 1
2564 1669 1
2565 2358 1
2566 2567 1
2568 252 1
2570 1669 1
2571 2434 1
2572 936 1
2572 2119 1
2572 2120 1
2573 2574 1
2577 483 1
2578 483 1
2579 2580 1
2581 2582 1
2583 2584 1
2585 468 1
2586 468 1
2587 2588 1
2589 450 1
2589 451 1
2590 2288 1
2590 2289 1
2591 2588 1
2593 2443 1
2594 2232 1
2595 847 1
2596 569 1
2597 2598 1
2599 2600 1
2599 2601 1
2602 2449 1
2602 2450 1
2603 2084 1
2603 2604 1
2605 2606 1
2607 2608 1
2607 2609 1
2607 2610 1
2611 2612 1
2613 2614 1
2613 2615 1
2613 2616 1
2617 2618 1
2617 2619 1
2617 2620 1
2617 2621 1
2617 2622 1
2619 2618 1
2619 2620 1
2619 2621 1
2619 2622 1
2621 2618 1
2621 2619 1
2621 2620 1
2621 2622 1
2623 2624 1
2625 515 1
2626 2218 1
2627 2628 1
2627 2629 1
2627 2630 1
2628 2629 1
2628 2627 1
2628 2630 1
2631 274 1
2631 275 1
2632 2633 1
2634 2635 1
2634 2636 1
2637 1457 1
2638 1669 1
2639 1669 1
2640 1669 1
2641 663 1
2643 2644 1
2643 2645 1
2646 2218 1
2647 2434 1
2648 2218 1
2649 1669 1
2650 569 1
2651 1669 1
2652 2653 1
2652 2654 1
2655 565 1
2656 1780 1
2656 1781 1
2657 2658 1
2659 2010 1
2660 2661 1
2662 94 1
2664 448 1
2665 2666 1
2665 2667 1
2668 301 1
2668 302 1
2668 303 1
2669 1669 1
2670 450 1
2670 451 1
2671 2204 1
2672 2673 1
2674 2675 1
2676 2677 1
2678 2679 1
2678 524 1
2678 2680 1
2681 2567 1
2682 83 1
2682 84 1
2682 85 1
2683 2684 1
2683 2685 1
2686 868 1
2687 2688 1
2689 1669 1
2690 868 1
2691 2692 1
2691 2693 1
2694 2695 1
2696 30 1
2697 468 1
2698 2699 1
2700 2701 1
2702 868 1
2705 2706 1
2707 2708 1
2709 2708 1
2710 1780 1
2710 1781 1
2711 2712 1
2713 2204 1
2715 868 1
2718 613 1
2719 468 1
2720 1643 1
2721 2722 1
2724 569 1
2725 2726 1
2727 600 1
2728 752 1
2728 753 1
2729 2730 1
2729 2731 1
2729 2732 1
2733 2010 1
2734 2735 1
2736 2737 1
2738 2739 1
2740 2741 1
2743 694 1
2744 1548 1
2744 1549 1
2745 2746 1
2747 2204 1
2748 398 1
2749 450 1
2749 451 1
2750 613 1
2751 2752 1
2751 2753 1
2751 2754 1
2751 2755 1
2757 2758 1
2759 275 1
2760 2761 1
2762 868 1
2763 515 1
2764 2765 1
2764 2766 1
2764 2767 1
2768 569 1
2769 468 1
2770 373 1
2771 2772 1
2773 2774 1
2773 2775 1
2776 2519 1
2777 2778 1
2779 450 1
2779 451 1
2780 2204 1
2781 468 1
2782 2783 1
2784 2785 1
2786 2787 1
2788 2783 1
2789 30 1
2789 2790 1
2791 973 1
2791 2792 1
2791 2793 1
2791 2794 1
2791 2795 1
2796 450 1
2796 451 1
2797 373 1
2798 2799 1
2800 2801 1
2802 450 1
2802 451 1
2803 2804 1
2805 840 1
2806 603 1
2806 604 1
2807 2519 1
2808 252 1
2809 2260 1
2810 2811 1
2813 1679 1
2815 373 1
2816 2817 1
2818 600 1
2819 2783 1
2820 2052 1
2821 2822 1
2824 1780 1
2824 1781 1
2825 2826 1
2827 752 1
2827 753 1
2828 2829 1
2828 2830 1
2829 2830 1
2831 2832 1
2833 373 1
2834 936 1
2834 2119 1
2834 2120 1
2835 2281 1
2836 2837 1
2838 2839 1
2841 468 1
2842 2666 1
2842 2667 1
2843 2844 1
2845 373 1
2846 2847 1
2848 2849 1
2850 2851 1
2852 2010 1
2853 2854 1
2855 2783 1
2856 2567 1
2857 468 1
2858 2859 1
2860 2826 1
2861 113 1
2861 114 1
2862 373 1
2863 743 1
2864 2865 1
2866 373 1
2867 83 1
2867 84 1
2867 85 1
2868 400 1
2869 2870 1
2871 415 1
2872 515 1
2873 445 1
2873 446 1
2874 2875 1
2876 515 1
2877 373 1
2879 2880 1
2881 538 1
2881 539 1
2881 540 1
2881 541 1
2881 542 1
2882 75 1
2884 2885 1
2886 2887 1
2886 2888 1
2889 2890 1
2889 2891 1
2892 2893 1
2894 2895 1
2894 2896 1
2894 2897 1
2894 2898 1
2895 2896 1
2895 2897 1
2895 2898 1
2897 2895 1
2897 2896 1
2897 2898 1
2899 400 1
2900 2901 1
2902 2903 1
2904 373 1
2905 311 1
2905 468 1
2906 2132 1
2907 2908 1
2909 2887 1
2909 2888 1
2910 373 1
2911 2912 1
2911 2913 1
2911 2914 1
2915 2064 1
2915 2065 1
2915 2066 1
2915 2067 1
2915 2068 1
2916 2826 1
2917 1657 1
2917 1658 1
2918 252 1
2920 1643 1
2921 515 1
2923 2924 1
2923 2925 1
2926 2927 1
2928 515 1
2929 2930 1
2929 2931 1
2932 2933 1
2934 450 1
2934 451 1
2935 2936 1
2937 2739 1
2938 256 1
2939 990 1
2939 2940 1
2939 2941 1
2939 2942 1
2939 2943 1
2939 2944 1
2939 2945 1
2939 2946 1
2939 2947 1
2939 2948 1
2939 2949 1
2950 2951 1
2952 2953 1
2952 2954 1
2955 2956 1
2957 752 1
2957 753 1
2958 468 1
2959 1643 1
2960 840 1
2961 373 1
2962 2963 1
2964 327 1
2965 252 1
2966 373 1
2967 2968 1
2969 2936 1
2970 1942 1
2971 2972 1
2973 990 1
2973 2974 1
2973 2975 1
2976 515 1
2977 2978 1
2982 415 1
2983 2519 1
2984 334 1
2984 335 1
2984 336 1
2985 2986 1
2987 515 1
2988 1657 1
2988 1658 1
2989 83 1
2989 84 1
2989 85 1
2990 1834 1
2991 2992 1
2993 415 1
2994 2995 1
2996 2997 1
2998 2999 1
3000 373 1
3001 2908 1
3002 3003 1
3004 3005 1
3006 804 1
3007 450 1
3007 451 1
3008 3009 1
3010 2774 1
3010 2775 1
3011 3012 1
3013 2232 1
3014 3015 1
3016 3017 1
3016 3018 1
3019 415 1
3020 515 1
3021 2493 1
3021 2494 1
3022 944 1
3023 3024 1
3025 3026 1
3027 603 1
3027 604 1
3028 3029 1
3030 1706 1
3031 3032 1
3033 779 1
3034 515 1
3035 774 1
3036 515 1
3037 1688 1
3039 2908 1
3040 515 1
3041 286 1
3042 3043 1
3044 3045 1
3046 2839 1
3047 3048 1
3049 450 1
3049 451 1
3050 3051 1
3052 569 1
3053 2739 1
3054 3055 1
3057 3058 1
3059 3060 1
3061 275 1
3063 3064 1
3065 3066 1
3067 3068 1
3069 275 1
3070 515 1
3071 3072 1
3081 113 1
3081 114 1
3082 3083 1
3084 2839 1
3085 252 1
3086 468 1
3087 515 1
3088 3089 1
3090 3091 1
3092 1381 1
3093 3094 1
3093 3095 1
3093 3096 1
3094 3093 1
3094 3095 1
3094 3096 1
3097 1545 1
3097 3098 1
3099 83 1
3099 84 1
3099 85 1
3100 3101 1
3102 373 1
3103 644 1
3104 450 1
3104 451 1
3105 3106 1
3107 1643 1
3108 3109 1
3110 2489 1
3110 3113 1
3111 515 1
3112 450 1
3112 451 1
3114 3115 1
3116 3117 1
3116 3118 1
3119 515 1
3120 113 1
3120 114 1
3121 3122 1
3123 515 1
3124 2746 1
3125 75 1
3126 3127 1
3126 3128 1
3129 982 1
3130 3131 1
3132 1773 1
3133 515 1
3134 450 1
3134 451 1
3135 450 1
3135 451 1
3136 450 1
3136 451 1
3137 2010 1
3138 3139 1
3140 3141 1
3140 3142 1
3141 3142 1
3143 2084 1
3144 3145 1
3144 3146 1
3144 3147 1
3144 3148 1
3144 524 1
3149 1657 1
3149 1658 1
3150 3151 1
3152 515 1
3153 515 1
3154 970 1
3155 515 1
3156 3157 1
3158 3159 1
3160 1688 1
3161 3162 1
3163 2739 1
3164 3165 1
3166 3167 1
3168 113 1
3168 114 1
3169 613 1
3170 515 1
3171 2567 1
3172 3173 1
3174 3175 1
3176 2666 1
3176 2667 1
3177 3178 1
3179 3175 1
3180 3175 1
3181 3182 1
3183 2 1
3184 3122 1
3185 373 1
3186 515 1
3187 515 1
3188 3189 1
3190 2677 1
3191 515 1
3192 2 1
3193 3194 1
3195 3196 1
3197 3198 1
3199 1657 1
3199 1658 1
3200 3201 1
3202 1013 1
3203 515 1
3204 569 1
3205 3206 1
3207 515 1
3208 3209 1
3210 352 1
3211 515 1
3212 373 1
3216 515 1
3217 515 1
3218 515 1
3219 2 1
3220 515 1
3221 515 1
3222 113 1
3223 3224 1
3223 3225 1
3226 373 1
3227 515 1
3228 1643 1
3229 515 1
3230 752 1
3230 753 1
3231 3232 1
3233 3234 1
3235 515 1
3236 515 1
3237 3238 1
3239 515 1
3240 275 1
3241 352 1
3242 515 1
3243 515 1
3244 515 1
3245 3246 1
3245 3247 1
3248 982 1
3249 373 1
3250 50 1
3251 352 1
3252 3253 1
3254 373 1
3255 515 1
3256 2443 1
3257 515 1
3258 311 1
3259 515 1
3260 515 1
3261 515 1
3262 515 1
3263 515 1
3264 515 1
3265 515 1
3266 2567 1
3267 468 1
3267 311 1
3268 252 1
3269 3270 1
3269 3271 1
3272 804 1
3273 3274 1
3275 1013 1
3276 3277 1
3278 3279 1
3280 424 1
3281 679 1
3282 3283 1
3284 373 1
3285 468 1
3286 3089 1
3287 373 1
3288 3289 1
3290 3089 1
3291 3292 1
3293 252 1
3294 1013 1
3295 1688 1
3296 3297 1
3298 613 1
3299 373 1
3300 1643 1
3301 3302 1
3303 468 1
3304 176 1
3305 373 1
3306 3307 1
3308 373 1
3309 374 1
3310 373 1
3311 468 1
3312 3182 1
3313 3182 1
3315 373 1
3316 3317 1
3316 644 1
3318 2064 1
3318 2065 1
3318 2066 1
3318 2067 1
3318 2068 1
3319 3279 1
3319 3278 1
3320 2232 1
3321 373 1
3322 373 1
3323 1834 1
3324 3325 1
3326 373 1
3327 982 1
3328 2829 1
3328 2830 1
3329 1548 1
3329 1549 1
3330 252 1
3331 982 1
3332 113 1
3332 114 1
3333 373 1
3334 569 1
3335 176 1
3336 2489 1
3337 373 1
3338 3339 1
3338 3340 1
3338 3341 1
3342 1013 1
