2 1 1
2 3 1
2 4 1
2 5 1
2 6 1
2 7 1
2 12 1
2 13 1
2 14 1
2 20 1
2 21 1
2 22 1
2 23 1
2 24 1
2 25 1
2 31 1
2 34 1
2 35 1
2 36 1
2 40 1
2 41 1
2 42 1
2 43 1
2 58 1
2 73 1
2 91 1
2 92 1
2 108 1
2 115 1
2 117 1
2 127 1
2 128 1
2 140 1
2 146 1
2 149 1
2 156 1
2 162 1
2 165 1
2 174 1
2 180 1
2 185 1
2 186 1
2 187 1
2 188 1
2 189 1
2 194 1
2 268 1
2 363 1
2 366 1
2 692 1
2 705 1
2 3183 1
2 3192 1
2 3219 1
9 8 1
9 15 1
11 10 1
11 96 1
17 16 1
19 18 1
19 1261 1
19 1411 1
19 1482 1
27 26 1
27 238 1
27 269 1
27 287 1
27 28 1
28 26 1
28 238 1
28 269 1
28 287 1
28 27 1
30 29 1
30 380 1
30 384 1
30 385 1
30 1403 1
30 1560 1
30 1566 1
30 1573 1
30 1582 1
30 1680 1
30 1803 1
30 2460 1
30 2467 1
30 2479 1
30 2480 1
30 2696 1
30 2789 1
33 32 1
33 1048 1
33 1207 1
33 1393 1
33 1404 1
33 1446 1
33 1590 1
33 1635 1
33 1638 1
36 288 1
38 37 1
39 37 1
39 38 1
45 44 1
46 47 1
47 46 1
50 49 1
50 2286 1
50 3250 1
52 51 1
52 822 1
52 885 1
52 1047 1
52 1068 1
52 1080 1
52 2077 1
54 53 1
56 55 1
56 86 1
56 116 1
56 161 1
56 212 1
56 215 1
56 230 1
56 241 1
56 260 1
56 264 1
56 271 1
56 283 1
56 329 1
56 348 1
56 371 1
56 407 1
56 476 1
56 601 1
56 627 1
56 683 1
56 721 1
56 756 1
56 814 1
56 848 1
56 882 1
56 949 1
56 963 1
56 983 1
56 986 1
56 1001 1
56 1041 1
56 1042 1
56 1079 1
56 1095 1
56 1102 1
56 1136 1
56 1158 1
56 1254 1
56 1286 1
56 1290 1
56 1331 1
56 1396 1
56 1407 1
57 55 1
57 86 1
57 116 1
57 161 1
57 212 1
57 215 1
57 230 1
57 241 1
57 260 1
57 264 1
57 271 1
57 283 1
57 329 1
57 348 1
57 371 1
57 407 1
57 476 1
57 601 1
57 627 1
57 683 1
57 721 1
57 756 1
57 814 1
57 848 1
57 882 1
57 949 1
57 963 1
57 983 1
57 986 1
57 1001 1
57 1041 1
57 1042 1
57 1079 1
57 1095 1
57 1102 1
57 1136 1
57 1158 1
57 1254 1
57 1286 1
57 1290 1
57 1331 1
57 1396 1
57 1407 1
60 59 1
61 59 1
62 59 1
63 59 1
64 59 1
65 59 1
66 59 1
67 59 1
69 68 1
71 70 1
71 95 1
71 124 1
71 133 1
71 153 1
71 160 1
71 166 1
71 168 1
71 195 1
71 231 1
71 261 1
71 295 1
71 323 1
71 388 1
71 402 1
71 404 1
71 413 1
71 465 1
71 481 1
71 548 1
71 639 1
71 695 1
71 697 1
71 736 1
71 763 1
71 772 1
71 777 1
71 789 1
71 810 1
71 817 1
71 932 1
71 940 1
71 978 1
71 1006 1
71 1043 1
71 1094 1
71 1133 1
71 1137 1
71 1146 1
71 1161 1
71 1205 1
71 1206 1
71 1213 1
71 1215 1
71 1227 1
71 1238 1
71 1245 1
71 1248 1
71 1249 1
71 1250 1
71 1259 1
71 1262 1
71 1273 1
71 1276 1
71 1287 1
71 1236 1
71 1292 1
71 1293 1
71 1296 1
71 1297 1
71 1301 1
71 1303 1
71 1305 1
71 1308 1
71 1311 1
71 1313 1
71 1315 1
71 1319 1
71 1320 1
71 1321 1
71 1324 1
71 1325 1
71 1326 1
71 1327 1
71 1332 1
71 1335 1
71 1336 1
71 1338 1
71 1340 1
71 1341 1
71 1342 1
71 1343 1
71 1344 1
72 70 1
72 95 1
72 124 1
72 133 1
72 153 1
72 160 1
72 166 1
72 168 1
72 195 1
72 231 1
72 261 1
72 295 1
72 323 1
72 388 1
72 402 1
72 404 1
72 413 1
72 465 1
72 481 1
72 548 1
72 639 1
72 695 1
72 697 1
72 736 1
72 763 1
72 772 1
72 777 1
72 789 1
72 810 1
72 817 1
72 932 1
72 940 1
72 978 1
72 1006 1
72 1043 1
72 1094 1
72 1133 1
72 1137 1
72 1146 1
72 1161 1
72 1205 1
72 1206 1
72 1213 1
72 1215 1
72 1227 1
72 1238 1
72 1245 1
72 1248 1
72 1249 1
72 1250 1
72 1259 1
72 1262 1
72 1273 1
72 1276 1
72 1287 1
72 1236 1
72 1292 1
72 1293 1
72 1296 1
72 1297 1
72 1301 1
72 1303 1
72 1305 1
72 1308 1
72 1311 1
72 1313 1
72 1315 1
72 1319 1
72 1320 1
72 1321 1
72 1324 1
72 1325 1
72 1326 1
72 1327 1
72 1332 1
72 1335 1
72 1336 1
72 1338 1
72 1340 1
72 1341 1
72 1342 1
72 1343 1
72 1344 1
72 71 1
75 74 1
75 107 1
75 243 1
75 379 1
75 383 1
75 441 1
75 533 1
75 597 1
75 691 1
75 813 1
75 820 1
75 832 1
75 835 1
75 975 1
75 1014 1
75 1022 1
75 1027 1
75 1031 1
75 1060 1
75 1076 1
75 1081 1
75 1316 1
75 2081 1
75 2359 1
75 2882 1
75 3125 1
76 728 1
76 2328 1
77 76 1
79 78 1
81 80 1
83 82 1
83 872 1
83 914 1
83 948 1
83 1186 1
83 1577 1
83 1589 1
83 1608 1
83 1627 1
83 1670 1
83 1673 1
83 85 1
83 1811 1
83 2215 1
83 2475 1
83 2682 1
83 2867 1
83 2989 1
83 3099 1
84 82 1
84 872 1
84 914 1
84 948 1
84 1186 1
84 1577 1
84 1589 1
84 1608 1
84 1627 1
84 1670 1
84 1673 1
84 85 1
84 1811 1
84 2215 1
84 2475 1
84 2682 1
84 2867 1
84 2989 1
84 3099 1
85 82 1
85 872 1
85 914 1
85 948 1
85 1186 1
85 1577 1
85 1589 1
85 1608 1
85 1627 1
85 1670 1
85 1673 1
85 1811 1
85 2215 1
85 2475 1
85 2682 1
85 2867 1
85 2989 1
85 3099 1
88 87 1
88 883 1
90 89 1
94 93 1
94 532 1
94 2662 1
98 97 1
100 99 1
100 173 1
100 222 1
100 237 1
100 242 1
100 267 1
100 315 1
100 328 1
102 101 1
102 618 1
102 913 1
102 1377 1
104 103 1
106 105 1
110 109 1
111 526 1
113 112 1
113 141 1
113 193 1
113 196 1
113 581 1
113 1991 1
113 114 1
113 2861 1
113 3081 1
113 3120 1
113 3168 1
113 3222 1
113 3332 1
114 112 1
114 141 1
114 193 1
114 196 1
114 113 1
114 581 1
114 2861 1
114 3081 1
114 3120 1
114 3168 1
114 3332 1
119 118 1
121 120 1
123 122 1
126 125 1
130 129 1
130 136 1
130 142 1
130 145 1
130 257 1
130 312 1
131 787 1
131 792 1
131 797 1
132 131 1
132 787 1
132 792 1
132 797 1
135 134 1
138 137 1
139 2053 1
144 143 1
148 147 1
148 270 1
151 150 1
152 150 1
155 154 1
155 784 1
155 884 1
158 157 1
164 163 1
170 169 1
172 171 1
176 175 1
176 227 1
176 1350 1
176 1906 1
176 2050 1
176 2142 1
176 2166 1
176 2167 1
176 2216 1
176 3304 1
176 3335 1
179 178 1
179 218 1
179 344 1
179 353 1
179 360 1
182 181 1
182 246 1
182 340 1
182 1028 1
182 1264 1
182 1291 1
182 1507 1
182 1752 1
182 1830 1
182 1848 1
182 2317 1
182 2350 1
182 2355 1
182 2420 1
182 2439 1
182 2483 1
182 2490 1
184 183 1
184 1837 1
191 190 1
191 343 1
191 429 1
191 1374 1
191 1402 1
191 1415 1
191 1479 1
191 1480 1
191 1584 1
191 1586 1
191 1595 1
191 1624 1
192 190 1
192 343 1
192 429 1
192 1374 1
192 1402 1
192 1415 1
192 1479 1
192 1480 1
192 1584 1
192 1586 1
192 1595 1
192 1624 1
198 197 1
200 199 1
202 201 1
202 1337 1
204 203 1
204 219 1
204 206 1
205 203 1
205 219 1
205 206 1
205 204 1
206 203 1
206 219 1
206 204 1
208 207 1
208 217 1
209 207 1
209 217 1
211 210 1
211 921 1
211 1314 1
214 213 1
221 220 1
224 223 1
224 421 1
224 570 1
224 739 1
226 225 1
229 228 1
233 232 1
233 696 1
233 1032 1
233 1567 1
233 1569 1
233 1571 1
235 234 1
236 234 1
240 239 1
245 244 1
245 390 1
245 452 1
245 508 1
245 611 1
245 634 1
245 669 1
245 684 1
245 768 1
245 1093 1
245 1312 1
245 1386 1
245 1408 1
245 1417 1
245 1449 1
245 1450 1
248 247 1
250 249 1
252 251 1
252 754 1
252 1490 1
252 1919 1
252 2069 1
252 2146 1
252 2280 1
252 2344 1
252 2406 1
252 2421 1
252 2568 1
252 2808 1
252 2918 1
252 2965 1
252 3085 1
252 3268 1
252 3293 1
252 3330 1
254 253 1
256 255 1
256 700 1
256 724 1
256 755 1
256 831 1
256 1435 1
256 1568 1
256 1596 1
256 1597 1
256 1696 1
256 1730 1
256 1743 1
256 1746 1
256 1761 1
256 1804 1
256 1879 1
256 1917 1
256 1921 1
256 2938 1
259 258 1
263 262 1
266 265 1
273 272 1
274 869 1
274 1907 1
274 1932 1
274 2631 1
275 274 1
275 798 1
275 869 1
275 1228 1
275 1363 1
275 1368 1
275 1410 1
275 1533 1
275 1907 1
275 1932 1
275 1948 1
275 1229 1
275 2267 1
275 2398 1
275 2631 1
275 2759 1
275 3061 1
275 3069 1
275 3240 1
277 276 1
277 1191 1
279 278 1
280 1715 1
280 2031 1
280 2326 1
282 281 1
286 285 1
286 3041 1
289 288 1
289 984 1
290 288 1
292 291 1
294 293 1
294 1987 1
297 296 1
299 298 1
299 337 1
301 300 1
301 821 1
301 2668 1
302 300 1
302 821 1
302 2668 1
302 301 1
303 300 1
303 821 1
303 2668 1
303 301 1
305 304 1
308 307 1
309 307 1
311 310 1
311 928 1
311 2265 1
311 2316 1
311 2905 1
311 3258 1
311 3267 1
314 313 1
317 316 1
317 405 1
317 406 1
319 318 1
319 617 1
319 650 1
319 656 1
319 661 1
319 666 1
319 670 1
319 673 1
321 320 1
321 2409 1
322 320 1
322 2409 1
325 324 1
325 435 1
325 484 1
325 534 1
325 598 1
325 750 1
325 771 1
325 898 1
325 900 1
325 987 1
325 988 1
325 1019 1
325 1046 1
325 1070 1
325 1071 1
325 1124 1
325 1149 1
325 1185 1
325 899 1
325 1434 1
325 1455 1
325 1531 1
325 1578 1
325 1592 1
325 1579 1
325 1611 1
325 485 1
325 1689 1
325 1714 1
325 1753 1
325 1755 1
325 1788 1
325 1802 1
325 1829 1
325 316 1
325 1862 1
325 1863 1
325 1869 1
325 1885 1
325 901 1
325 1890 1
325 1892 1
325 1908 1
325 1928 1
325 1886 1
327 326 1
327 1626 1
327 1630 1
327 2964 1
331 330 1
333 332 1
333 525 1
333 1298 1
334 1369 1
334 1076 1
334 2984 1
335 334 1
335 1369 1
335 1076 1
335 2984 1
336 334 1
336 1369 1
336 1076 1
336 2984 1
339 338 1
339 529 1
339 2487 1
342 341 1
346 345 1
347 345 1
350 349 1
352 351 1
352 469 1
352 502 1
352 516 1
352 592 1
352 642 1
352 651 1
352 655 1
352 1419 1
352 1448 1
352 1484 1
352 1718 1
352 3210 1
352 3241 1
352 3251 1
355 354 1
357 356 1
359 358 1
359 391 1
361 910 1
361 911 1
362 361 1
365 364 1
365 2223 1
365 2224 1
368 367 1
370 369 1
373 372 1
373 395 1
373 455 1
373 503 1
373 575 1
373 596 1
373 674 1
373 1049 1
373 1295 1
373 1330 1
373 1461 1
373 1488 1
373 1536 1
373 1644 1
373 1683 1
373 1693 1
373 1978 1
373 1980 1
373 2110 1
373 2123 1
373 2379 1
373 2501 1
373 2770 1
373 2797 1
373 2815 1
373 2833 1
373 2845 1
373 2862 1
373 2866 1
373 2877 1
373 2904 1
373 2910 1
373 2961 1
373 2966 1
373 3000 1
373 3102 1
373 3185 1
373 3212 1
373 3226 1
373 3249 1
373 3254 1
373 3284 1
373 3287 1
373 3299 1
373 3305 1
373 3308 1
373 3310 1
373 3315 1
373 3321 1
373 3322 1
373 3326 1
373 3333 1
373 3337 1
374 3309 1
376 375 1
378 377 1
382 381 1
387 386 1
389 386 1
392 1508 1
394 393 1
396 395 1
396 1295 1
396 1330 1
396 575 1
396 372 1
396 1461 1
396 373 1
398 397 1
398 2366 1
398 2748 1
400 399 1
400 401 1
400 436 1
400 545 1
400 708 1
400 709 1
400 788 1
400 864 1
400 915 1
400 2868 1
400 2899 1
406 405 1
409 408 1
409 418 1
411 410 1
411 486 1
411 535 1
415 414 1
415 437 1
415 2171 1
415 2871 1
415 2982 1
415 2993 1
415 3019 1
417 416 1
417 2535 1
420 419 1
422 288 1
424 423 1
424 665 1
424 865 1
424 888 1
424 916 1
424 976 1
424 408 1
424 1000 1
424 1005 1
424 2165 1
424 3280 1
426 425 1
426 1237 1
428 427 1
431 430 1
433 432 1
434 432 1
439 438 1
440 438 1
440 439 1
444 443 1
444 616 1
445 722 1
445 1021 1
445 2873 1
446 445 1
446 722 1
446 1021 1
446 2873 1
448 447 1
448 1015 1
448 1353 1
448 1460 1
448 2664 1
450 449 1
450 1372 1
450 1570 1
450 1769 1
450 2240 1
450 2305 1
450 2360 1
450 2551 1
450 2589 1
450 2670 1
450 2749 1
450 2779 1
450 2796 1
450 2802 1
450 2934 1
450 3007 1
450 3049 1
450 3104 1
450 3112 1
450 3134 1
450 3135 1
450 3136 1
451 449 1
451 1372 1
451 1394 1
451 1570 1
451 1769 1
451 2240 1
451 2305 1
451 2360 1
451 2551 1
451 2589 1
451 2670 1
451 2749 1
451 2779 1
451 2796 1
451 2802 1
451 2934 1
451 3007 1
451 3049 1
451 3104 1
451 3112 1
451 3134 1
451 3135 1
451 3136 1
454 453 1
457 456 1
458 456 1
459 456 1
460 456 1
461 456 1
462 456 1
464 463 1
464 680 1
464 1634 1
468 467 1
468 487 1
468 513 1
468 675 1
468 928 1
468 1428 1
468 1591 1
468 1607 1
468 1990 1
468 2163 1
468 2333 1
468 2363 1
468 2407 1
468 2452 1
468 2509 1
468 2544 1
468 2585 1
468 2586 1
468 2697 1
468 2719 1
468 2769 1
468 2781 1
468 2841 1
468 2857 1
468 2905 1
468 2958 1
468 3086 1
468 3267 1
468 3285 1
468 3303 1
468 3311 1
471 470 1
473 472 1
475 474 1
478 477 1
478 1520 1
478 1576 1
480 479 1
483 482 1
483 1855 1
483 2577 1
483 2578 1
485 484 1
489 488 1
491 490 1
491 496 1
491 497 1
491 498 1
492 490 1
492 496 1
492 497 1
492 498 1
492 491 1
494 493 1
500 499 1
501 499 1
505 504 1
507 506 1
510 509 1
512 511 1
512 2491 1
512 2528 1
515 514 1
515 546 1
515 595 1
515 1154 1
515 1224 1
515 1233 1
515 1409 1
515 1464 1
515 1476 1
515 1481 1
515 1522 1
515 1575 1
515 1861 1
515 1891 1
515 1909 1
515 1973 1
515 1976 1
515 2080 1
515 2088 1
515 2089 1
515 2101 1
515 2230 1
515 2261 1
515 2300 1
515 2313 1
515 2321 1
515 2625 1
515 2763 1
515 2872 1
515 2876 1
515 2921 1
515 2928 1
515 2976 1
515 2987 1
515 3020 1
515 3034 1
515 3036 1
515 3040 1
515 3070 1
515 3087 1
515 3111 1
515 3119 1
515 3123 1
515 3133 1
515 3152 1
515 3153 1
515 3155 1
515 3170 1
515 3186 1
515 3187 1
515 3191 1
515 3203 1
515 3207 1
515 3211 1
515 3216 1
515 3217 1
515 3218 1
515 3220 1
515 3221 1
515 3227 1
515 3229 1
515 3235 1
515 3236 1
515 3239 1
515 3242 1
515 3243 1
515 3244 1
515 3255 1
515 3257 1
515 3259 1
515 3260 1
515 3261 1
515 3262 1
515 3263 1
515 3264 1
515 3265 1
518 517 1
519 517 1
521 520 1
523 522 1
524 522 1
524 1413 1
524 2083 1
524 2188 1
524 2281 1
524 2678 1
524 3144 1
528 527 1
528 1651 1
531 530 1
538 537 1
538 2881 1
539 537 1
539 2881 1
540 537 1
540 2881 1
541 537 1
541 2881 1
542 537 1
542 2881 1
544 543 1
547 546 1
550 549 1
552 551 1
554 553 1
554 664 1
554 735 1
554 858 1
555 553 1
555 664 1
555 554 1
555 735 1
555 858 1
555 1910 1
557 556 1
559 558 1
560 558 1
561 537 1
563 562 1
565 564 1
565 2655 1
567 566 1
569 568 1
569 971 1
569 1162 1
569 2596 1
569 2650 1
569 2724 1
569 2768 1
569 3052 1
569 3204 1
569 3334 1
572 571 1
574 573 1
574 782 1
574 1209 1
574 2156 1
577 576 1
577 1856 1
580 579 1
583 582 1
583 633 1
584 582 1
584 633 1
587 586 1
588 586 1
590 589 1
591 605 1
591 606 1
594 593 1
600 599 1
600 1122 1
600 2727 1
600 2818 1
603 602 1
603 815 1
603 2806 1
603 3027 1
604 602 1
604 815 1
604 2806 1
604 3027 1
608 607 1
608 660 1
608 2030 1
608 609 1
609 607 1
609 660 1
609 2030 1
609 608 1
610 593 1
613 612 1
613 2718 1
613 2750 1
613 3169 1
613 3298 1
615 614 1
620 619 1
620 1731 1
622 621 1
624 623 1
624 956 1
624 1585 1
624 1945 1
624 2266 1
624 2299 1
626 625 1
629 628 1
631 630 1
632 630 1
636 635 1
638 637 1
641 640 1
641 1451 1
641 2511 1
644 643 1
644 3103 1
644 3316 1
645 643 1
647 646 1
649 648 1
653 652 1
654 652 1
654 1375 1
654 1384 1
658 657 1
659 657 1
663 662 1
663 1823 1
663 1889 1
663 2641 1
668 667 1
672 671 1
672 1639 1
677 676 1
678 964 1
679 137 1
679 1783 1
679 2563 1
679 3281 1
682 681 1
687 686 1
687 841 1
689 688 1
690 688 1
694 693 1
694 1418 1
694 2743 1
696 1569 1
696 233 1
699 698 1
702 701 1
703 1645 1
703 2104 1
704 703 1
704 1645 1
704 2104 1
707 706 1
712 711 1
712 1208 1
712 1373 1
712 1447 1
712 1483 1
714 713 1
714 962 1
714 1009 1
714 1182 1
714 1193 1
714 1236 1
714 1275 1
715 75 1
715 820 1
715 835 1
715 1316 1
718 717 1
720 719 1
726 725 1
727 405 1
728 2328 1
730 729 1
732 731 1
734 733 1
734 823 1
734 842 1
738 737 1
738 1493 1
741 740 1
743 742 1
743 809 1
743 1559 1
743 1849 1
743 1017 1
743 2238 1
743 2863 1
745 744 1
745 1550 1
745 1709 1
745 1757 1
747 746 1
749 748 1
752 751 1
752 950 1
752 1148 1
752 1304 1
752 1309 1
752 1367 1
752 1583 1
752 1628 1
752 1641 1
752 1774 1
752 1793 1
752 1826 1
752 1831 1
752 2058 1
752 2728 1
752 2827 1
752 2957 1
752 3230 1
753 751 1
753 950 1
753 1148 1
753 1304 1
753 1309 1
753 1367 1
753 1583 1
753 1628 1
753 1641 1
753 1774 1
753 1793 1
753 1826 1
753 1831 1
753 2058 1
753 2728 1
753 2827 1
753 2957 1
753 3230 1
758 757 1
760 759 1
760 859 1
760 2219 1
762 761 1
765 764 1
767 766 1
767 2138 1
767 2193 1
770 769 1
774 773 1
774 1801 1
774 3035 1
776 775 1
779 778 1
779 1244 1
779 3033 1
781 780 1
786 785 1
786 2011 1
786 2017 1
786 2059 1
786 2092 1
786 2100 1
786 2133 1
786 2162 1
791 790 1
791 929 1
791 977 1
791 1051 1
791 1063 1
791 1069 1
791 1086 1
791 1089 1
791 1091 1
791 1092 1
791 1096 1
794 793 1
796 795 1
799 798 1
800 798 1
802 801 1
804 803 1
804 816 1
804 1253 1
804 1345 1
804 1424 1
804 1810 1
804 1835 1
804 1841 1
804 1864 1
804 1865 1
804 1867 1
804 1873 1
804 1878 1
804 2293 1
804 3006 1
804 3272 1
805 803 1
805 816 1
805 1424 1
805 2293 1
807 806 1
808 806 1
808 807 1
812 811 1
819 818 1
819 2150 1
819 175 1
825 824 1
827 826 1
828 826 1
830 829 1
834 833 1
834 860 1
838 837 1
840 839 1
840 2805 1
840 2960 1
843 842 1
845 844 1
847 846 1
847 1530 1
847 2257 1
847 2283 1
847 2426 1
847 2595 1
850 849 1
850 1768 1
852 851 1
853 851 1
855 854 1
855 1532 1
857 856 1
857 1412 1
857 1473 1
857 2016 1
857 2049 1
857 2190 1
857 2239 1
861 680 1
863 862 1
866 103 1
868 867 1
868 2168 1
868 2686 1
868 2690 1
868 2702 1
868 2715 1
868 2762 1
871 870 1
874 873 1
875 873 1
876 873 1
877 873 1
878 873 1
878 965 1
879 873 1
880 873 1
881 873 1
887 886 1
887 905 1
887 906 1
890 889 1
891 889 1
892 889 1
893 889 1
895 894 1
896 894 1
897 894 1
899 898 1
901 900 1
901 1592 1
903 902 1
903 1918 1
907 899 1
909 908 1
909 1176 1
911 910 1
912 910 1
918 917 1
920 919 1
923 922 1
925 924 1
927 947 1
931 930 1
934 933 1
936 935 1
936 2118 1
936 2427 1
936 2572 1
936 2834 1
937 935 1
937 936 1
939 938 1
942 941 1
944 943 1
944 968 1
944 1050 1
944 1119 1
944 1214 1
944 1558 1
944 1572 1
944 1617 1
944 1625 1
944 1686 1
944 1766 1
944 1797 1
944 3022 1
946 945 1
951 272 1
953 952 1
955 954 1
958 957 1
960 959 1
966 965 1
967 965 1
970 969 1
970 2507 1
970 3154 1
973 972 1
973 423 1
973 2791 1
974 957 1
980 979 1
982 981 1
982 1210 1
982 1299 1
982 1310 1
982 1927 1
982 3129 1
982 3248 1
982 3327 1
982 3331 1
985 984 1
988 987 1
990 2939 1
990 2973 1
991 990 1
992 990 1
993 990 1
994 990 1
995 990 1
996 990 1
997 990 1
998 990 1
999 990 1
1003 1002 1
1008 1007 1
1011 1010 1
1013 1012 1
1013 1018 1
1013 2362 1
1013 2416 1
1013 3202 1
1013 3275 1
1013 3294 1
1013 3342 1
1017 1016 1
1017 1020 1
1017 1163 1
1017 1198 1
1017 1300 1
1017 1339 1
1017 1433 1
1024 1023 1
1026 1025 1
1030 1029 1
1030 1135 1
1030 1140 1
1035 1034 1
1037 1036 1
1038 1039 1
1039 1038 1
1040 1038 1
1040 1039 1
1045 1044 1
1053 1052 1
1055 1054 1
1056 1054 1
1057 1054 1
1059 1058 1
1062 1061 1
1065 1064 1
1065 2214 1
1067 1066 1
1071 1070 1
1073 1072 1
1074 1072 1
1075 1072 1
1078 1077 1
1083 1082 1
1083 1090 1
1083 1107 1
1083 1123 1
1083 1126 1
1083 1134 1
1083 1084 1
1084 1082 1
1084 1090 1
1084 1107 1
1084 1126 1
1084 1134 1
1085 1082 1
1085 1090 1
1085 1107 1
1085 1126 1
1085 1134 1
1085 1084 1
1088 1087 1
1088 1437 1
1098 1097 1
1100 1099 1
1101 1099 1
1104 1103 1
1106 1105 1
1109 1108 1
1110 1108 1
1111 1108 1
1112 1108 1
1113 1108 1
1114 1108 1
1115 1108 1
1116 1108 1
1118 1117 1
1121 1120 1
1121 1452 1
1121 1551 1
1128 1127 1
1128 1302 1
1129 272 1
1132 1131 1
1139 1138 1
1139 1143 1
1139 1147 1
1139 1150 1
1139 1151 1
1139 1152 1
1139 1153 1
1139 1157 1
1142 1141 1
1145 1144 1
1156 1155 1
1160 1159 1
1165 1164 1
1166 936 1
1167 936 1
1168 936 1
1169 936 1
1170 936 1
1171 936 1
1172 936 1
1173 936 1
1174 936 1
1175 936 1
1178 1177 1
1180 1179 1
1180 1181 1
1184 1183 1
1188 1187 1
1190 1189 1
1192 1191 1
1194 288 1
1195 288 1
1196 288 1
1197 288 1
1200 1199 1
1202 1201 1
1202 1610 1
1202 1758 1
1202 1787 1
1202 1827 1
1202 1868 1
1202 1938 1
1202 1961 1
1202 1962 1
1202 1970 1
1202 1983 1
1202 1986 1
1202 1988 1
1202 1989 1
1204 1203 1
1212 1211 1
1217 1216 1
1219 1218 1
1221 1220 1
1223 1222 1
1226 1225 1
1229 1228 1
1231 1230 1
1232 1230 1
1235 1234 1
1241 1240 1
1241 1294 1
1243 1242 1
1247 1246 1
1247 1809 1
1247 1995 1
1252 1251 1
1252 1416 1
1256 1255 1
1256 1260 1
1256 1263 1
1256 1270 1
1258 1257 1
1258 1267 1
1266 1265 1
1266 1274 1
1266 1646 1
1269 1268 1
1269 2375 1
1269 2499 1
1272 1271 1
1278 1277 1
1278 1395 1
1279 1277 1
1279 1395 1
1279 1278 1
1281 1280 1
1283 1282 1
1285 1284 1
1285 1672 1
1285 1775 1
1285 1800 1
1289 1288 1
1307 1306 1
1318 1317 1
1323 1322 1
1329 1328 1
1334 1333 1
1334 405 1
1347 1346 1
1347 1390 1
1347 1427 1
1349 1348 1
1352 1351 1
1355 1354 1
1356 288 1
1357 288 1
1358 288 1
1359 288 1
1360 288 1
1362 1361 1
1362 1364 1
1366 1365 1
1371 1370 1
1371 1436 1
1376 1375 1
1379 1378 1
1381 1380 1
1381 2264 1
1381 3092 1
1383 1382 1
1383 1524 1
1383 1529 1
1383 1623 1
1383 1629 1
1385 1384 1
1388 1387 1
1388 1487 1
1389 1387 1
1389 1487 1
1392 1391 1
1398 1397 1
1400 1399 1
1401 1399 1
1401 1400 1
1401 1216 1
1406 1405 1
1414 1413 1
1421 1420 1
1422 1420 1
1423 1420 1
1426 1425 1
1430 1429 1
1432 1431 1
1439 1438 1
1441 1440 1
1443 1442 1
1445 1444 1
1454 1453 1
1457 1456 1
1457 2637 1
1459 1458 1
1463 1462 1
1466 1465 1
1468 1467 1
1470 1469 1
1470 1554 1
1470 1557 1
1470 1565 1
1470 1574 1
1470 2270 1
1472 1471 1
1475 1474 1
1475 1489 1
1475 1494 1
1475 137 1
1477 1478 1
1478 1477 1
1486 1485 1
1486 792 1
1486 1509 1
1486 1516 1
1486 1521 1
1492 1491 1
1495 1496 1
1496 1495 1
1498 1497 1
1499 1497 1
1501 1500 1
1501 1740 1
1501 1880 1
1502 1500 1
1502 1740 1
1502 1880 1
1503 1500 1
1503 1740 1
1503 1880 1
1505 1504 1
1506 1504 1
1511 1510 1
1513 1512 1
1515 1514 1
1518 1517 1
1519 1504 1
1523 593 1
1526 1525 1
1528 1527 1
1535 1534 1
1535 1609 1
1538 1537 1
1540 1539 1
1542 1541 1
1543 1541 1
1545 1544 1
1545 3097 1
1546 1544 1
1548 1547 1
1548 2744 1
1548 3329 1
1549 1547 1
1549 2744 1
1549 3329 1
1553 1552 1
1556 1555 1
1562 1561 1
1563 1561 1
1564 1561 1
1579 1578 1
1581 1580 1
1588 1587 1
1594 1593 1
1599 1598 1
1600 1598 1
1602 1601 1
1603 1601 1
1604 1601 1
1605 1601 1
1606 1601 1
1613 1612 1
1615 1614 1
1615 1840 1
1615 1920 1
1616 1614 1
1616 1840 1
1616 1920 1
1616 1615 1
1619 1618 1
1619 1650 1
1619 1738 1
1619 1739 1
1619 1741 1
1621 1620 1
1622 1620 1
1622 1621 1
1632 1631 1
1632 2032 1
1632 2213 1
1632 2222 1
1632 1633 1
1632 2389 1
1633 1631 1
1633 2032 1
1633 2213 1
1633 2222 1
1633 1632 1
1633 2389 1
1637 1636 1
1640 1639 1
1643 1642 1
1643 2097 1
1643 2539 1
1643 2720 1
1643 2920 1
1643 2959 1
1643 3107 1
1643 3228 1
1643 3300 1
1647 1645 1
1647 704 1
1649 1648 1
1652 1651 1
1653 1651 1
1655 1654 1
1657 1656 1
1657 2498 1
1657 2917 1
1657 2988 1
1657 3149 1
1657 3199 1
1658 1656 1
1658 2498 1
1658 2917 1
1658 2988 1
1658 3149 1
1658 3199 1
1660 1659 1
1660 1789 1
1660 1939 1
1660 1790 1
1661 1659 1
1663 1662 1
1665 1664 1
1667 1666 1
1669 1668 1
1669 1671 1
1669 1814 1
1669 1832 1
1669 2189 1
1669 2432 1
1669 2451 1
1669 2484 1
1669 2530 1
1669 2548 1
1669 2552 1
1669 2562 1
1669 2564 1
1669 2570 1
1669 2638 1
1669 2639 1
1669 2640 1
1669 2649 1
1669 2651 1
1669 2669 1
1669 2689 1
1675 1674 1
1677 1676 1
1679 1678 1
1679 2813 1
1682 1681 1
1682 1754 1
1682 1762 1
1682 1767 1
1682 1782 1
1682 1786 1
1682 1794 1
1685 1684 1
1688 1687 1
1688 1690 1
1688 1778 1
1688 1842 1
1688 1935 1
1688 2175 1
1688 2514 1
1688 3037 1
1688 3160 1
1688 3295 1
1692 1691 1
1695 1694 1
1695 2271 1
1698 1697 1
1698 1836 1
1698 2543 1
1700 1699 1
1700 1742 1
1702 1701 1
1704 1703 1
1706 1705 1
1706 3030 1
1708 1707 1
1708 2529 1
1711 1710 1
1713 1712 1
1713 1727 1
1713 1749 1
1713 1756 1
1717 1716 1
1719 1894 1
1720 1719 1
1720 1894 1
1721 1719 1
1721 1894 1
1722 1719 1
1722 1894 1
1723 1719 1
1723 1894 1
1724 1719 1
1724 1894 1
1725 1719 1
1725 1894 1
1726 1719 1
1726 1894 1
1729 1728 1
1732 1719 1
1733 1719 1
1734 1719 1
1735 1719 1
1737 1736 1
1745 1744 1
1748 1747 1
1751 1750 1
1760 1759 1
1764 1763 1
1764 2060 1
1764 2082 1
1765 1763 1
1765 2060 1
1765 2082 1
1765 1764 1
1771 1770 1
1773 1772 1
1773 3132 1
1777 1776 1
1780 1779 1
1780 2180 1
1780 2656 1
1780 2710 1
1780 2824 1
1781 1779 1
1781 2180 1
1781 2656 1
1781 2710 1
1781 2824 1
1781 1780 1
1785 1784 1
1790 1789 1
1790 1939 1
1792 1791 1
1796 1795 1
1796 1854 1
1796 1870 1
1799 1798 1
1805 701 1
1807 1806 1
1808 1806 1
1813 1812 1
1816 1815 1
1818 1817 1
1818 1881 1
1818 1884 1
1819 1817 1
1819 1881 1
1819 1884 1
1819 1818 1
1820 1805 1
1822 1821 1
1822 2143 1
1822 2153 1
1825 1824 1
1828 1815 1
1834 1833 1
1834 2990 1
1834 3323 1
1839 1838 1
1844 1843 1
1846 1845 1
1851 1850 1
1853 1852 1
1859 1858 1
1860 1858 1
1863 1862 1
1872 1871 1
1872 2520 1
1875 1874 1
1877 1876 1
1883 1882 1
1886 1885 1
1888 1887 1
1893 1159 1
1896 1895 1
1897 272 1
1899 1898 1
1901 1900 1
1903 1902 1
1903 2258 1
1905 1904 1
1905 1946 1
1905 1181 1
1905 1947 1
1912 1911 1
1913 1911 1
1915 1914 1
1916 1914 1
1923 1922 1
1925 1924 1
1926 1924 1
1926 1925 1
1930 1929 1
1931 1929 1
1931 1930 1
1934 1933 1
1937 1936 1
1941 1940 1
1942 1940 1
1942 2136 1
1942 2970 1
1943 1940 1
1944 1940 1
1950 1949 1
1950 1951 1
1952 272 1
1954 1953 1
1956 1955 1
1958 1957 1
1958 2164 1
1960 1959 1
1964 1963 1
1967 1966 1
1969 1968 1
1969 2104 1
1969 2243 1
1972 1971 1
1975 1974 1
1975 1979 1
1982 1981 1
1985 1984 1
1993 1992 1
1993 2002 1
1993 2018 1
1993 2019 1
1993 2020 1
1993 2024 1
1996 804 1
1998 1997 1
1999 1636 1
2004 2003 1
2006 2005 1
2008 2007 1
2008 2023 1
2010 2009 1
2010 2659 1
2010 2733 1
2010 2852 1
2010 3137 1
2013 2012 1
2015 2014 1
2022 2021 1
2022 2038 1
2026 2025 1
2027 2025 1
2029 2028 1
2034 2033 1
2035 2033 1
2037 2036 1
2039 579 1
2041 2040 1
2043 2042 1
2045 2044 1
2046 2044 1
2048 2047 1
2052 2051 1
2052 2820 1
2055 2054 1
2057 2056 1
2062 2061 1
2062 2279 1
2062 2301 1
2062 2312 1
2064 2063 1
2064 2915 1
2064 3318 1
2065 2063 1
2065 2915 1
2065 3318 1
2066 2063 1
2066 2915 1
2066 3318 1
2067 2063 1
2067 2915 1
2067 3318 1
2068 2063 1
2068 2915 1
2068 3318 1
2072 2071 1
2074 2073 1
2076 2075 1
2079 2078 1
2084 2083 1
2084 2603 1
2084 3143 1
2085 2083 1
2086 272 1
2087 272 1
2091 2090 1
2094 2093 1
2096 2095 1
2099 2098 1
2103 2102 1
2105 2104 1
2107 2106 1
2109 2108 1
2111 1159 1
2111 2113 1
2115 2114 1
2117 2116 1
2117 2172 1
2119 2118 1
2119 2427 1
2119 2572 1
2119 2834 1
2120 2118 1
2120 2427 1
2120 2572 1
2120 2834 1
2122 2121 1
2125 2124 1
2126 2124 1
2127 2124 1
2128 2124 1
2129 2124 1
2130 2124 1
2132 2131 1
2132 2140 1
2132 2021 1
2132 2038 1
2132 2906 1
2135 2134 1
2137 2136 1
2137 2392 1
2137 2393 1
2141 2140 1
2145 2144 1
2147 1087 1
2149 2148 1
2152 2151 1
2155 2154 1
2157 2104 1
2159 2158 1
2161 2160 1
2161 2504 1
2170 2169 1
2174 2173 1
2174 2181 1
2177 2176 1
2179 2178 1
2183 2182 1
2185 2184 1
2185 2364 1
2186 2184 1
2186 2364 1
2186 2185 1
2192 2191 1
2196 2195 1
2198 2197 1
2200 2199 1
2202 2201 1
2204 2203 1
2204 2671 1
2204 2713 1
2204 2747 1
2204 2780 1
2206 2205 1
2208 2207 1
2210 2209 1
2212 2211 1
2212 2412 1
2218 2217 1
2218 2626 1
2218 2646 1
2218 2648 1
2221 2220 1
2224 2223 1
2226 2225 1
2227 2225 1
2229 2228 1
2232 2231 1
2232 2594 1
2232 3013 1
2232 3320 1
2234 2233 1
2235 793 1
2237 2236 1
2242 2241 1
2245 2244 1
2247 2246 1
2247 2444 1
2249 2248 1
2249 2254 1
2251 2250 1
2252 2250 1
2253 2250 1
2256 2255 1
2256 2405 1
2256 2440 1
2260 2259 1
2260 2809 1
2263 2262 1
2269 2268 1
2274 2273 1
2276 2275 1
2278 2277 1
2278 2282 1
2278 2302 1
2281 2835 1
2285 2284 1
2288 2287 1
2288 2590 1
2289 2287 1
2289 2590 1
2291 2290 1
2291 2292 1
2295 2294 1
2296 2294 1
2297 2294 1
2298 2294 1
2304 2303 1
2307 2306 1
2309 2308 1
2311 2310 1
2315 2314 1
2319 2318 1
2319 2320 1
2323 2322 1
2324 2322 1
2327 2326 1
2330 2329 1
2332 2331 1
2335 2334 1
2337 2336 1
2339 2338 1
2340 2338 1
2341 2338 1
2342 2338 1
2343 2338 1
2346 2345 1
2346 2356 1
2347 2345 1
2347 2356 1
2347 2346 1
2349 2348 1
2352 2351 1
2354 2353 1
2354 2408 1
2354 2415 1
2354 2417 1
2358 2357 1
2358 2565 1
2365 2359 1
2368 2367 1
2370 2369 1
2372 2371 1
2374 2373 1
2377 2376 1
2378 272 1
2381 2380 1
2383 2382 1
2385 2384 1
2385 2388 1
2387 2386 1
2391 2390 1
2393 2392 1
2395 2394 1
2395 2471 1
2395 2500 1
2395 2508 1
2395 2510 1
2397 2396 1
2400 2399 1
2400 2468 1
2401 2402 1
2404 2403 1
2411 2410 1
2411 2478 1
2414 2413 1
2419 2418 1
2423 2422 1
2425 2424 1
2429 2428 1
2431 2430 1
2434 2433 1
2434 2571 1
2434 2647 1
2436 2435 1
2438 2437 1
2441 1636 1
2443 2442 1
2443 2455 1
2443 2481 1
2443 2517 1
2443 2538 1
2443 2593 1
2443 3256 1
2446 2445 1
2447 2445 1
2449 2448 1
2449 2602 1
2450 2448 1
2450 2602 1
2454 2453 1
2457 2456 1
2459 2458 1
2462 2461 1
2464 2463 1
2466 2465 1
2470 2469 1
2472 2104 1
2474 2473 1
2477 2476 1
2482 1887 1
2486 2485 1
2489 2488 1
2489 3110 1
2489 3336 1
2493 2492 1
2493 3021 1
2494 2492 1
2494 3021 1
2496 2495 1
2497 2495 1
2503 2502 1
2506 2505 1
2513 2512 1
2516 2515 1
2519 2518 1
2519 2776 1
2519 2807 1
2519 2983 1
2523 2522 1
2525 2524 1
2527 2526 1
2532 2531 1
2533 2531 1
2534 2531 1
2537 2536 1
2541 2540 1
2542 272 1
2546 2545 1
2547 2545 1
2550 2549 1
2554 2553 1
2555 2553 1
2556 2553 1
2557 2553 1
2558 2553 1
2559 2553 1
2560 2553 1
2561 2553 1
2567 2566 1
2567 2681 1
2567 2856 1
2567 3171 1
2567 3266 1
2574 2573 1
2576 272 1
2580 2579 1
2582 2581 1
2584 2583 1
2588 2587 1
2588 2591 1
2598 2597 1
2600 2599 1
2601 2599 1
2604 2603 1
2606 2605 1
2608 2607 1
2609 2607 1
2610 2607 1
2612 2611 1
2614 2613 1
2615 2613 1
2616 2613 1
2618 2617 1
2618 2621 1
2618 2619 1
2619 2617 1
2619 2621 1
2620 2617 1
2620 2621 1
2620 2619 1
2621 2617 1
2621 2619 1
2622 2617 1
2622 2621 1
2622 2619 1
2624 2623 1
2627 2628 1
2628 2627 1
2629 2627 1
2629 2628 1
2630 2627 1
2630 2628 1
2633 2632 1
2635 2634 1
2636 2634 1
2644 2643 1
2645 2643 1
2653 2652 1
2654 2652 1
2658 2657 1
2661 2660 1
2666 2665 1
2666 2842 1
2666 3176 1
2667 2665 1
2667 2842 1
2667 3176 1
2673 2672 1
2675 2674 1
2677 2676 1
2677 3190 1
2679 2678 1
2680 2678 1
2684 2683 1
2685 2683 1
2688 2687 1
2692 2691 1
2693 2691 1
2695 2694 1
2699 2698 1
2701 2700 1
2703 272 1
2706 2705 1
2708 2707 1
2708 2709 1
2712 2711 1
2716 171 1
2717 171 1
2722 2721 1
2726 2725 1
2730 2729 1
2731 2729 1
2732 2729 1
2735 2734 1
2737 2736 1
2739 2738 1
2739 2937 1
2739 3053 1
2739 3163 1
2741 2740 1
2746 2745 1
2746 3124 1
2752 2751 1
2753 2751 1
2754 2751 1
2755 2751 1
2756 405 1
2758 2757 1
2761 2760 1
2765 2764 1
2766 2764 1
2767 2764 1
2772 2771 1
2774 2773 1
2774 3010 1
2775 2773 1
2775 3010 1
2778 2777 1
2783 2782 1
2783 2788 1
2783 2819 1
2783 2855 1
2785 2784 1
2787 2786 1
2790 2789 1
2792 2791 1
2793 2791 1
2794 2791 1
2795 2791 1
2799 2798 1
2801 2800 1
2804 2803 1
2811 2810 1
2817 2816 1
2822 2821 1
2826 2825 1
2826 2860 1
2826 2916 1
2829 2828 1
2829 3328 1
2830 2828 1
2830 3328 1
2830 2829 1
2832 2831 1
2837 2836 1
2839 2838 1
2839 3046 1
2839 3084 1
2840 2104 1
2844 2843 1
2847 2846 1
2849 2848 1
2851 2850 1
2854 2853 1
2859 2858 1
2865 2864 1
2870 2869 1
2875 2874 1
2880 2879 1
2885 2884 1
2887 2886 1
2887 2909 1
2888 2886 1
2888 2909 1
2890 2889 1
2891 2889 1
2893 2892 1
2895 2894 1
2895 2897 1
2896 2894 1
2896 2897 1
2896 2895 1
2897 2894 1
2897 2895 1
2898 2894 1
2898 2897 1
2898 2895 1
2901 2900 1
2903 2902 1
2908 2907 1
2908 3001 1
2908 3039 1
2912 2911 1
2913 2911 1
2914 2911 1
2919 272 1
2924 2923 1
2925 2923 1
2927 2926 1
2930 2929 1
2931 2929 1
2933 2932 1
2936 2935 1
2936 2969 1
2940 2939 1
2941 2939 1
2942 2939 1
2943 2939 1
2944 2939 1
2944 990 1
2945 2939 1
2946 2939 1
2947 2939 1
2948 2939 1
2949 2939 1
2951 2950 1
2953 2952 1
2954 2952 1
2956 2955 1
2963 2962 1
2968 2967 1
2972 2971 1
2974 2973 1
2974 990 1
2975 2973 1
2975 990 1
2978 2977 1
2979 334 1
2980 334 1
2981 334 1
2986 2985 1
2992 2991 1
2995 2994 1
2997 2996 1
2999 2998 1
3003 3002 1
3005 3004 1
3009 3008 1
3012 3011 1
3015 3014 1
3017 3016 1
3018 3016 1
3024 3023 1
3026 3025 1
3029 3028 1
3032 3031 1
3038 957 1
3043 3042 1
3045 3044 1
3048 3047 1
3051 3050 1
3055 3054 1
3058 3057 1
3060 3059 1
3062 990 1
3064 3063 1
3065 2181 1
3066 2181 1
3066 3065 1
3068 3067 1
3072 3071 1
3073 990 1
3074 990 1
3075 990 1
3076 990 1
3077 990 1
3078 990 1
3079 990 1
3080 990 1
3083 3082 1
3089 3088 1
3089 3286 1
3089 3290 1
3091 3090 1
3093 3094 1
3094 3093 1
3095 3093 1
3095 3094 1
3096 3093 1
3096 3094 1
3098 3097 1
3101 3100 1
3106 3105 1
3109 3108 1
3113 3110 1
3115 3114 1
3117 3116 1
3118 3116 1
3122 3121 1
3122 3184 1
3127 3126 1
3128 3126 1
3131 3130 1
3139 3138 1
3141 3140 1
3142 3140 1
3142 3141 1
3145 3144 1
3146 3144 1
3147 3144 1
3148 3144 1
3151 3150 1
3157 3156 1
3159 3158 1
3162 3161 1
3165 3164 1
3167 3166 1
3173 3172 1
3175 3174 1
3175 3179 1
3175 3180 1
3178 3177 1
3182 3181 1
3182 3312 1
3182 3313 1
3189 3188 1
3194 3193 1
3196 3195 1
3198 3197 1
3201 3200 1
3206 3205 1
3209 3208 1
3213 1183 1
3214 1183 1
3215 1183 1
3224 3223 1
3225 3223 1
3232 3231 1
3234 3233 1
3238 3237 1
3246 3245 1
3247 3245 1
3253 3252 1
3270 3269 1
3271 3269 1
3274 3273 1
3277 3276 1
3278 3319 1
3279 3278 1
3279 3319 1
3283 3282 1
3289 3288 1
3292 3291 1
3297 3296 1
3302 3301 1
3307 3306 1
3314 2388 1
3317 3316 1
3325 3324 1
3339 3338 1
3340 3338 1
3341 3338 1
